-8.399430,718.000000
-6.993211,1445.000000
-8.329245,2180.000000
-9.887509,2961.000000
-8.546227,3610.000000
-9.993250,4385.000000
-7.785807,5024.000000
-10.325714,5725.000000
-8.633114,6525.000000
-8.945663,7313.000000
-8.183053,8019.000000
-9.435599,8726.000000
-7.931424,9453.000000
-9.303648,10129.000000
-9.787913,10820.000000
-10.788531,11581.000000
-9.820890,12381.000000
-6.167130,13102.000000
-7.350673,13766.000000
-9.576864,14493.000000
-10.446342,15236.000000
-5.987739,15971.000000
-9.376908,16692.000000
-9.013467,17428.000000
-11.760469,18188.000000
-7.739165,18912.000000
-9.035770,19607.000000
-9.193969,20400.000000
-10.343298,21085.000000
-9.745514,21785.000000
-11.387696,22555.000000
-6.338167,23159.000000
-10.018619,23820.000000
-11.308991,24580.000000
-11.020984,25366.000000
-11.020792,26073.000000
-8.721578,26819.000000
-8.682833,27477.000000
-10.011811,28181.000000
-8.431806,28862.000000
-10.002450,29621.000000
-6.801002,30301.000000
-9.973536,30961.000000
-6.672360,31687.000000
-9.022124,32324.000000
-7.726482,32983.000000
-8.375714,33643.000000
-6.755020,34240.000000
-9.702797,34901.000000
-10.147346,35584.000000
-11.347912,36326.000000
-9.461956,37126.000000
-11.782790,37926.000000
-9.375544,38662.000000
-9.367262,39414.000000
-9.940753,40214.000000
-7.244377,40787.000000
-10.864797,41563.000000
-12.500230,42363.000000
-9.739377,43163.000000
-8.757149,43963.000000
-8.811175,44625.000000
-9.162134,45418.000000
-9.654630,46218.000000
-9.975821,47018.000000
-6.607695,47613.000000
-7.286154,48413.000000
-3.714523,48800.000000
-11.114259,49600.000000
-12.935830,50400.000000
-9.499276,51200.000000
-11.500249,52000.000000
-12.274503,52800.000000
-7.326714,53467.000000
-10.688383,54267.000000
-11.153581,55006.000000
-6.768715,55543.000000
-6.798677,56140.000000
-10.868206,56940.000000
-8.557632,57740.000000
-10.789654,58540.000000
-8.420909,59251.000000
-7.733386,59924.000000
-5.961794,60569.000000
-8.063974,61251.000000
-6.053580,61836.000000
-5.292488,62498.000000
-7.546865,63043.000000
-5.569062,63548.000000
-10.434726,64274.000000
-6.479614,64857.000000
-6.126080,65497.000000
-3.730286,65941.000000
-6.363395,66575.000000
-11.706730,67348.000000
-8.158941,67983.000000
-8.890146,68617.000000
-9.029946,69265.000000
-8.154838,69817.000000
-11.238956,70617.000000
-10.390399,71329.000000
-8.578041,72065.000000
-9.401512,72757.000000
-6.421453,73491.000000
-8.127509,74120.000000
-7.489464,74754.000000
-7.504685,75433.000000
-8.430302,76125.000000
-9.498987,76731.000000
-8.012490,77387.000000
-8.849981,78020.000000
-6.868231,78784.000000
-9.739082,79455.000000
-8.112822,80073.000000
-9.445322,80632.000000
-7.360729,81227.000000
-8.299660,81797.000000
-7.470024,82355.000000
-5.837477,82938.000000
-0.002708,82949.000000
-7.725311,83598.000000
-8.928961,84339.000000
-5.843101,85139.000000
-8.306031,85831.000000
-9.608782,86594.000000
-9.796899,87264.000000
-9.946303,87953.000000
-7.248382,88644.000000
-9.924638,89360.000000
-8.081155,90064.000000
-8.393944,90775.000000
-8.488769,91427.000000
-10.852403,92185.000000
-10.559342,92983.000000
-9.395353,93682.000000
-8.888746,94393.000000
-7.951017,95009.000000
-9.033247,95646.000000
-11.825831,96446.000000
-7.747070,97039.000000
-6.652279,97682.000000
-8.255261,98434.000000
-9.086532,99234.000000
-9.369690,99874.000000
-8.926931,100590.000000
-9.162533,101241.000000
-7.868315,101868.000000
-5.635593,102469.000000
-8.405359,103124.000000
-7.893798,103690.000000
-11.383676,104401.000000
-6.964635,104992.000000
-7.629708,105743.000000
-9.378342,106478.000000
-8.064892,107141.000000
-8.715978,107776.000000
-8.752998,108459.000000
-7.640940,109104.000000
-11.503359,109904.000000
-8.822795,110656.000000
-7.417366,111266.000000
-8.104183,111845.000000
-8.334610,112645.000000
-6.991270,113325.000000
-10.456557,114125.000000
-11.035995,114844.000000
-5.144994,115492.000000
-8.672729,116292.000000
-6.455546,116862.000000
-7.867879,117662.000000
-10.419172,118462.000000
-12.650222,119262.000000
-7.007559,120062.000000
-9.195931,120862.000000
-6.622618,121377.000000
-8.090227,122177.000000
-10.061721,122977.000000
-4.905643,123469.000000
-7.598735,124017.000000
-8.779628,124817.000000
-8.909340,125553.000000
-9.134786,126353.000000
-11.293379,127153.000000
-9.772947,127923.000000
-7.466291,128498.000000
-8.059156,129115.000000
-9.168380,129744.000000
-10.436241,130544.000000
-6.674110,131078.000000
-6.224394,131511.000000
-5.268622,132033.000000
-6.104420,132622.000000
-6.651229,133120.000000
-4.428644,133558.000000
-8.093425,134073.000000
-6.580877,134647.000000
-7.197284,135163.000000
-6.479258,135657.000000
-9.410849,136350.000000
-9.332059,136965.000000
-7.657561,137476.000000
-9.160506,138165.000000
-6.661995,138700.000000
-6.720848,139302.000000
-5.626564,139781.000000
-5.633330,140395.000000
-5.783471,140928.000000
-5.193282,141475.000000
-6.014375,141997.000000
-7.222474,142491.000000
-7.270923,143175.000000
-6.712610,143712.000000
-6.354072,144205.000000
-6.425286,144905.000000
-7.167875,145469.000000
-11.204991,146269.000000
-7.493189,147026.000000
-7.846034,147585.000000
-11.349922,148385.000000
-10.058130,149185.000000
-10.231864,149985.000000
-7.770282,150621.000000
-5.459515,151339.000000
-7.871360,151960.000000
-9.795309,152631.000000
-6.110846,153111.000000
-8.046572,153886.000000
-7.933415,154471.000000
-12.406890,155271.000000
-8.038430,155947.000000
-6.949903,156655.000000
-5.045490,157126.000000
-6.914474,157814.000000
-7.006908,158347.000000
-12.303786,159147.000000
-8.016674,159925.000000
-6.055877,160573.000000
-8.230892,161371.000000
-8.030538,161956.000000
-9.229493,162674.000000
-7.144659,163220.000000
-6.992923,163732.000000
-6.040902,164334.000000
-8.742441,165032.000000
-9.258028,165769.000000
-5.709578,166227.000000
-6.133559,166727.000000
-4.519069,167304.000000
-7.280692,167957.000000
-5.750318,168426.000000
-4.401336,168907.000000
-5.821042,169522.000000
-5.539007,170055.000000
-6.825966,170622.000000
-5.296651,171062.000000
-6.290171,171562.000000
-6.524347,172086.000000
-7.163861,172550.000000
-5.273837,173049.000000
-7.600701,173620.000000
-8.247254,174290.000000
-6.555230,175018.000000
-5.439955,175492.000000
-8.430307,176092.000000
-5.783959,176547.000000
-5.446952,177041.000000
-5.546232,177735.000000
-8.199395,178345.000000
-6.730651,179034.000000
-2.112968,179303.000000
-8.202642,180103.000000
-4.774212,180716.000000
-9.532463,181516.000000
-0.007350,181544.000000
-7.860126,182227.000000
-10.914228,182903.000000
-8.901282,183703.000000
-9.280773,184367.000000
-4.943117,184971.000000
-9.507114,185663.000000
-6.282877,186155.000000
-8.559796,186752.000000
-8.270906,187329.000000
-6.427471,187832.000000
-9.314826,188492.000000
-10.697178,189278.000000
-8.361364,190004.000000
-5.479273,190689.000000
-4.342015,191011.000000
-6.132797,191576.000000
-8.133311,192182.000000
-7.327923,192772.000000
-5.884769,193417.000000
-2.455255,193718.000000
-7.344137,194305.000000
-5.787846,194849.000000
-4.803103,195649.000000
-8.630263,196286.000000
-8.108994,196979.000000
-7.901000,197631.000000
-6.383640,198156.000000
-6.218092,198806.000000
-5.721571,199330.000000
-7.676177,200130.000000
-6.456082,200767.000000
-10.280238,201526.000000
-7.703488,202303.000000
-6.838246,202858.000000
-12.105262,203658.000000
-7.559646,204357.000000
-5.287845,204927.000000
-6.669653,205472.000000
-6.796936,205975.000000
-11.563218,206775.000000
-9.687256,207413.000000
-7.489396,207972.000000
-5.028510,208423.000000
-7.668129,209010.000000
-6.389750,209700.000000
-6.325326,210500.000000
-5.612228,210987.000000
-8.070634,211501.000000
-8.401101,212158.000000
-7.217797,212693.000000
-8.271230,213240.000000
-6.734692,214040.000000
-7.387963,214660.000000
-8.227308,215428.000000
-7.340422,215967.000000
-7.289924,216743.000000
-6.926792,217225.000000
-7.086504,217883.000000
-5.736679,218403.000000
-9.983091,219203.000000
-5.990868,219796.000000
-7.906368,220444.000000
-6.238857,220876.000000
-5.864805,221369.000000
-6.722432,221820.000000
-5.826949,222392.000000
-8.665052,223192.000000
-7.771271,223975.000000
-6.961069,224454.000000
-9.156141,225045.000000
-6.641133,225561.000000
-7.243329,226295.000000
-6.465333,226908.000000
-6.389096,227494.000000
-6.722125,228008.000000
-4.853933,228435.000000
-0.016335,228474.000000
-5.931800,228945.000000
-6.710020,229387.000000
-5.962197,229858.000000
-7.672794,230467.000000
-6.304829,231004.000000
-7.024718,231575.000000
-1.536147,231819.000000
-8.721206,232521.000000
-6.768086,233087.000000
-5.571906,233594.000000
-6.359702,234283.000000
-7.873702,234894.000000
-5.533110,235333.000000
-10.782733,236114.000000
-5.736676,236660.000000
-7.098405,237149.000000
-7.594446,237836.000000
-8.203947,238427.000000
-5.734903,239208.000000
-10.381526,239972.000000
-6.269267,240464.000000
-8.768484,241117.000000
-5.361778,241612.000000
-8.585014,242305.000000
-5.884501,242790.000000
-5.830304,243210.000000
-6.049390,243664.000000
-7.286723,244140.000000
-6.849077,244752.000000
-6.144754,245218.000000
-6.374583,245677.000000
-5.130831,246116.000000
-7.429123,246603.000000
-6.431458,247055.000000
-7.238185,247631.000000
-9.952928,248399.000000
-7.130875,248947.000000
-5.787966,249469.000000
-4.402470,249969.000000
-5.201748,250397.000000
-7.880173,250999.000000
-5.768114,251612.000000
-5.921158,252149.000000
-6.569708,252723.000000
-4.765507,253225.000000
-9.663465,253974.000000
-10.393454,254662.000000
-6.385819,255254.000000
-8.919385,255949.000000
-9.541140,256671.000000
-7.094868,257226.000000
-6.863087,257784.000000
-7.694879,258448.000000
-6.179861,259212.000000
-6.149552,259793.000000
-6.994160,260403.000000
-8.687942,261203.000000
-5.237352,261658.000000
-5.743308,262267.000000
-6.297131,262778.000000
-9.624652,263578.000000
-8.167167,264203.000000
-5.975061,264789.000000
-5.973030,265329.000000
-8.505756,265998.000000
-10.960477,266778.000000
-9.798728,267578.000000
-8.214828,268330.000000
-6.327696,268814.000000
-5.795960,269327.000000
-6.481946,269945.000000
-7.826967,270540.000000
-8.191608,271138.000000
-7.441825,271938.000000
-7.389717,272576.000000
-7.301388,273376.000000
-9.690728,274176.000000
-7.533012,274753.000000
-5.526292,275321.000000
-2.813096,275708.000000
-5.665409,276253.000000
-7.714105,277053.000000
-10.989757,277853.000000
-6.240940,278276.000000
-3.492442,278974.000000
-7.698516,279774.000000
-7.334909,280365.000000
-8.773004,281165.000000
-5.989702,281631.000000
-12.993359,282431.000000
-10.660646,283231.000000
-6.769851,283708.000000
-9.443542,284404.000000
-3.735767,284842.000000
-10.700138,285617.000000
-11.194331,286385.000000
-9.009126,287185.000000
-9.211495,287929.000000
-9.082187,288729.000000
-9.317912,289529.000000
-4.176405,290329.000000
-4.775801,290882.000000
-3.682960,291390.000000
-12.757878,292190.000000
-8.137425,292826.000000
-5.046949,293539.000000
-10.449079,294339.000000
-5.890726,295139.000000
-2.036927,295421.000000
-9.141919,296221.000000
-7.837293,296834.000000
-4.731579,297267.000000
-5.902820,298067.000000
-7.841118,298867.000000
-7.030791,299585.000000
-7.784966,300385.000000
-11.530428,301165.000000
-6.368544,301776.000000
-11.474079,302576.000000
-10.984135,303376.000000
-5.571037,304176.000000
-3.861226,304976.000000
-3.371238,305270.000000
-5.822875,305804.000000
-9.117604,306604.000000
-3.734056,307077.000000
-6.734317,307877.000000
-5.849611,308491.000000
-4.169104,309053.000000
-5.112250,309791.000000
-6.561466,310217.000000
-5.614680,310741.000000
-7.176028,311279.000000
-6.255693,311735.000000
-5.471915,312176.000000
-9.231677,312825.000000
-10.248570,313625.000000
-6.576491,314204.000000
-6.741348,314871.000000
-5.446665,315391.000000
-11.315330,316191.000000
-0.301854,316550.000000
-11.002484,317350.000000
-8.666284,318150.000000
-5.694137,318593.000000
-15.028654,319393.000000
-6.554972,320193.000000
-12.314951,320970.000000
-12.371498,321770.000000
-3.402187,322217.000000
-6.604091,322764.000000
-5.954683,323156.000000
-9.123436,323956.000000
-5.007641,324368.000000
-8.536228,325168.000000
-6.545898,325709.000000
-10.653268,326509.000000
-8.584263,327178.000000
-4.614794,327613.000000
-7.001342,328401.000000
-6.776041,329090.000000
-5.207885,329489.000000
-9.076257,330289.000000
-9.070817,330906.000000
-10.270738,331706.000000
-9.887146,332506.000000
-9.352349,333306.000000
-14.924541,334106.000000
-6.889608,334866.000000
-7.482044,335619.000000
-9.452737,336419.000000
-9.180189,337038.000000
-10.197395,337838.000000
-8.254717,338475.000000
-6.111638,339049.000000
-10.038659,339849.000000
-5.271946,340593.000000
-6.219679,341141.000000
-7.656280,341941.000000
-5.875111,342667.000000
-5.383452,343106.000000
-6.113422,343906.000000
-7.561951,344706.000000
-3.139392,345506.000000
-9.334513,346306.000000
-6.168171,347001.000000
-8.258758,347725.000000
-11.955573,348525.000000
-11.691352,349325.000000
-11.454312,350125.000000
-10.039457,350925.000000
-8.008181,351725.000000
-7.057305,352382.000000
-4.633509,352996.000000
-7.615189,353550.000000
-15.002139,354350.000000
-7.671943,355150.000000
-7.705893,355805.000000
-9.486184,356605.000000
-7.264316,357336.000000
-5.501931,357796.000000
-5.006245,358244.000000
-6.220831,358825.000000
-3.835649,359255.000000
-7.250471,359944.000000
-6.507809,360742.000000
-9.083283,361511.000000
-0.582241,362311.000000
-12.719069,363111.000000
-5.754550,363539.000000
-5.219310,363983.000000
-8.380526,364581.000000
-5.835011,365019.000000
-10.216269,365819.000000
-10.913473,366612.000000
-12.598751,367412.000000
-8.957249,368212.000000
-9.110167,369012.000000
-2.082009,369812.000000
-0.004591,369830.000000
-7.379963,370431.000000
-8.031840,371072.000000
-6.075254,371833.000000
-4.862223,372231.000000
-3.849280,373031.000000
-7.518024,373668.000000
-8.093029,374351.000000
-10.094233,375151.000000
-12.708784,375951.000000
-5.209120,376751.000000
-7.952620,377551.000000
-5.826448,378301.000000
-8.857482,379101.000000
-7.253094,379724.000000
-7.333527,380340.000000
-1.719443,380755.000000
-7.679980,381392.000000
-7.328401,382036.000000
-5.603927,382470.000000
-7.697908,383164.000000
-4.326995,383563.000000
-6.911564,384260.000000
-11.652987,385060.000000
-9.155584,385859.000000
-11.902580,386659.000000
-5.884625,387459.000000
-8.109897,388048.000000
-8.640295,388662.000000
-0.002725,388673.000000
-10.261781,389473.000000
-6.952566,390273.000000
-10.577248,391073.000000
-6.786607,391761.000000
-9.649966,392556.000000
-2.038818,393013.000000
-4.372343,393813.000000
-8.780471,394510.000000
-5.163626,395021.000000
-2.909033,395334.000000
-5.886550,395794.000000
-5.399480,396358.000000
-6.152722,396817.000000
-8.466306,397471.000000
-14.340829,398271.000000
-4.664321,399071.000000
-15.357789,399871.000000
-9.083151,400650.000000
-7.189537,401272.000000
-6.077933,401837.000000
-8.251292,402498.000000
-15.286641,403298.000000
-14.279160,404098.000000
-7.195829,404721.000000
-6.806126,405177.000000
-11.168297,405977.000000
-9.818460,406652.000000
-4.773725,407067.000000
-6.534184,407686.000000
-5.969705,408296.000000
-11.697014,409096.000000
-5.921266,409534.000000
-4.916426,410163.000000
-4.935714,410582.000000
-4.788858,411052.000000
-7.833945,411629.000000
-5.172765,412076.000000
-5.830472,412617.000000
-1.357287,413417.000000
-8.538911,414199.000000
-4.393403,414734.000000
-3.917927,415186.000000
-5.582782,415651.000000
-5.079819,416254.000000
-5.232545,416714.000000
-12.436179,417514.000000
-5.250846,417920.000000
-4.541084,418720.000000
-7.059357,419458.000000
-9.145046,420258.000000
-7.078066,420886.000000
-10.012976,421667.000000
-1.669161,421871.000000
-4.994399,422421.000000
-6.545314,422933.000000
-8.014531,423671.000000
-6.682126,424471.000000
-7.683787,425271.000000
-7.197442,425892.000000
-4.452403,426351.000000
-4.580297,427151.000000
-5.378175,427560.000000
-5.248629,427995.000000
-13.546754,428795.000000
-6.122148,429352.000000
-5.631211,429931.000000
-9.719264,430701.000000
-6.331942,431501.000000
-6.190461,432180.000000
-7.931453,432980.000000
-6.920615,433780.000000
-5.144324,434194.000000
-11.291536,434994.000000
-12.719315,435794.000000
-4.842145,436594.000000
-4.254525,437028.000000
-7.075756,437731.000000
-9.474620,438531.000000
-7.732109,439101.000000
-9.532934,439901.000000
-13.828669,440701.000000
-17.274135,441501.000000
-8.798404,442103.000000
-13.346392,442903.000000
-10.624745,443629.000000
-12.335993,444274.000000
-6.432059,444768.000000
-5.996322,445238.000000
-6.382852,445689.000000
-5.627972,446181.000000
-3.069355,446602.000000
-9.921587,447402.000000
-6.474715,448053.000000
-7.278796,448792.000000
-5.243603,449263.000000
-5.616599,449785.000000
-5.614951,450242.000000
-8.955922,451042.000000
-10.815211,451826.000000
-7.813937,452491.000000
-5.045247,452976.000000
-9.888022,453776.000000
-7.662843,454483.000000
-8.980921,455283.000000
-11.089645,456083.000000
-3.626446,456593.000000
-7.339381,457152.000000
-7.013531,457785.000000
-5.585002,458374.000000
-15.697956,459174.000000
-5.200884,459665.000000
-10.888827,460465.000000
-5.100247,460906.000000
-4.815527,461472.000000
-12.750946,462272.000000
-6.044505,462689.000000
-7.326948,463316.000000
-5.384715,463766.000000
-5.405266,464566.000000
-6.654916,465097.000000
-8.578342,465885.000000
-4.103577,466368.000000
-6.289938,466895.000000
-5.191915,467317.000000
-6.210711,467902.000000
-6.128166,468432.000000
-5.446323,468847.000000
-6.665894,469502.000000
-6.200744,470172.000000
-12.902205,470972.000000
-6.063071,471377.000000
-5.588821,472177.000000
-11.434583,472977.000000
-9.526540,473777.000000
-7.064582,474427.000000
-11.647314,475227.000000
-5.985723,475850.000000
-6.096816,476449.000000
-7.990559,477249.000000
-6.442140,477791.000000
-3.721151,478206.000000
-5.297781,478778.000000
-3.405797,479578.000000
-5.870573,480280.000000
-9.789976,481080.000000
-6.439860,481565.000000
-6.468660,482059.000000
-6.785957,482665.000000
-6.052321,483159.000000
-7.185507,483633.000000
-0.001902,483641.000000
-9.660604,484349.000000
-5.652289,484770.000000
-5.449750,485190.000000
-5.675951,485864.000000
-7.870918,486473.000000
-6.022591,486873.000000
-5.450784,487285.000000
-5.073292,487699.000000
-4.066678,488135.000000
-7.845857,488851.000000
-7.311109,489401.000000
-0.001898,489409.000000
-5.173595,489830.000000
-4.283882,490278.000000
-14.990713,491078.000000
-10.616694,491814.000000
-9.165599,492605.000000
-5.178458,493038.000000
-4.220364,493488.000000
-12.283669,494288.000000
-14.133548,495088.000000
-4.897173,495496.000000
-12.746722,496296.000000
-7.948888,496927.000000
-7.036810,497491.000000
-5.237024,497888.000000
-10.910538,498688.000000
-13.127290,499488.000000
-7.952187,500003.000000
-5.667047,500417.000000
-5.286174,500858.000000
-7.890867,501490.000000
-12.985150,502259.000000
-8.388520,502956.000000
-5.804876,503447.000000
-6.963335,504246.000000
-4.830561,504793.000000
-8.782797,505351.000000
-13.693017,506151.000000
-4.564859,506573.000000
-4.971559,507004.000000
-6.018559,507456.000000
-5.746258,507871.000000
-4.582409,508284.000000
-6.311891,508812.000000
-7.187830,509525.000000
-2.481235,510226.000000
-6.367572,510755.000000
-6.148934,511300.000000
-6.058354,511712.000000
-6.031183,512232.000000
-5.222311,512671.000000
-12.620939,513471.000000
-6.479826,514271.000000
-14.281923,515071.000000
-5.235689,515788.000000
-5.253174,516417.000000
-5.392090,517108.000000
-13.846276,517908.000000
-4.573491,518708.000000
-5.031502,519244.000000
-5.302926,519649.000000
-4.975461,520179.000000
-4.296931,520601.000000
-3.776940,521012.000000
-6.627563,521591.000000
-10.771325,522340.000000
-6.146785,522826.000000
-8.677656,523420.000000
-7.601828,524171.000000
-5.081269,524752.000000
-7.484339,525332.000000
-5.923151,525746.000000
-9.995355,526546.000000
-12.245508,527346.000000
-6.062419,527766.000000
-5.445917,528201.000000
-6.748790,528817.000000
-8.850616,529508.000000
-0.001898,529516.000000
-6.460788,530041.000000
-5.368091,530431.000000
-5.009098,531231.000000
-0.642700,531362.000000
-7.207597,531930.000000
-4.858861,532362.000000
-7.198107,533142.000000
-10.323799,533769.000000
-5.307005,534339.000000
-8.395737,535139.000000
-5.544066,535781.000000
-6.484920,536257.000000
-11.472421,537057.000000
-9.950914,537857.000000
-5.556809,538262.000000
-4.571681,538824.000000
-8.183018,539545.000000
-5.909150,540066.000000
-5.309190,540866.000000
-7.227308,541401.000000
-8.797504,542201.000000
-9.985702,543001.000000
-14.712990,543801.000000
-6.236250,544248.000000
-4.565694,544660.000000
-8.594539,545151.000000
-7.674049,545736.000000
-9.119538,546370.000000
-14.216515,547170.000000
-6.042653,547604.000000
-5.059753,548113.000000
-12.461529,548913.000000
-6.407051,549522.000000
-4.976033,550011.000000
-6.917897,550629.000000
-4.817789,551153.000000
-6.458289,551661.000000
-7.336672,552461.000000
-6.209542,553015.000000
-5.259759,553416.000000
-8.349487,554130.000000
-6.902020,554685.000000
-7.694229,555243.000000
-5.988403,555893.000000
-6.786216,556416.000000
-7.892473,556999.000000
-8.159434,557527.000000
-5.989665,558154.000000
-4.426646,558609.000000
-8.459452,559409.000000
-9.572084,560078.000000
-5.621068,560492.000000
-15.195417,561292.000000
-4.677357,561676.000000
-5.294247,562252.000000
-11.445638,563052.000000
-6.059179,563546.000000
-6.950991,564142.000000
-7.835866,564808.000000
-13.409732,565608.000000
-6.015620,566057.000000
-6.697950,566635.000000
-5.274511,567267.000000
-9.473855,568067.000000
-7.296374,568750.000000
-10.931315,569550.000000
-5.692680,570068.000000
-6.641392,570620.000000
-5.781214,571057.000000
-4.187307,571556.000000
-7.401287,572184.000000
-6.703402,572603.000000
-6.335463,573091.000000
-7.764311,573891.000000
-13.059333,574691.000000
-7.005187,575154.000000
-14.312441,575954.000000
-5.831179,576372.000000
-5.779180,576860.000000
-5.013665,577280.000000
-5.940650,577745.000000
-5.239746,578276.000000
-6.202008,578860.000000
-6.893956,579436.000000
-5.739471,579850.000000
-5.191997,580273.000000
-6.813662,580803.000000
-6.907245,581443.000000
-3.140521,581832.000000
-5.839973,582294.000000
-6.895019,582762.000000
-7.037298,583307.000000
-13.779757,584107.000000
-8.664743,584842.000000
-5.591891,585326.000000
-5.525029,585836.000000
-6.214447,586266.000000
-5.430160,586810.000000
-6.105471,587341.000000
-5.114685,587740.000000
-9.094785,588540.000000
-10.953291,589284.000000
-3.093639,589854.000000
-2.003701,590220.000000
-6.629065,590749.000000
-6.599297,591227.000000
-5.085115,591715.000000
-5.454117,592219.000000
-7.440677,592748.000000
-7.002801,593431.000000
-5.490701,594084.000000
-5.261895,594625.000000
-4.772397,595051.000000
-5.730235,595585.000000
-9.288289,596173.000000
-3.579458,596548.000000
-5.423170,597008.000000
-15.929978,597808.000000
-4.898339,598212.000000
-11.722930,599012.000000
-11.150486,599812.000000
-6.436406,600291.000000
-5.859584,600835.000000
-6.649272,601265.000000
-12.889524,602065.000000
-7.986188,602733.000000
-4.132037,603160.000000
-5.275901,603581.000000
-4.795704,604055.000000
-5.173136,604501.000000
-7.448886,605057.000000
-1.285779,605227.000000
-7.242712,605965.000000
-12.456549,606765.000000
-5.683648,607169.000000
-6.254823,607844.000000
-9.410544,608469.000000
-3.011393,609087.000000
-5.228694,609561.000000
-5.961620,610056.000000
-16.998574,610856.000000
-5.586092,611255.000000
-5.509286,611700.000000
-6.238676,612120.000000
-12.112776,612920.000000
-6.662792,613328.000000
-5.432031,613736.000000
-6.595474,614398.000000
-11.168722,615175.000000
-9.109383,615975.000000
-8.041107,616775.000000
-6.745936,617461.000000
-6.109653,617896.000000
-9.273248,618657.000000
-5.716003,619372.000000
-6.172838,619824.000000
-7.222026,620558.000000
-6.168529,621148.000000
-4.690580,621562.000000
-6.835512,622016.000000
-5.420062,622464.000000
-5.871632,623048.000000
-4.392298,623448.000000
-4.060869,623899.000000
-11.661609,624699.000000
-5.512006,625119.000000
-7.583774,625759.000000
-5.471649,626217.000000
-5.622099,626783.000000
