-9.255442,800.000000
-8.994037,1600.000000
-8.615971,2365.000000
-6.924212,3150.000000
-8.890177,3896.000000
-10.040426,4567.000000
-8.682406,5280.000000
-4.457942,5767.000000
-10.304430,6542.000000
-8.867599,7263.000000
-8.629552,7904.000000
-7.905222,8525.000000
-7.896050,9222.000000
-9.157264,9904.000000
-8.260456,10532.000000
-8.055758,11162.000000
-6.991696,11826.000000
-9.352933,12510.000000
-8.462609,13165.000000
-10.287822,13807.000000
-7.691048,14468.000000
-7.230923,15153.000000
-9.019033,15809.000000
-8.471047,16428.000000
-8.861641,17011.000000
-7.360398,17761.000000
-7.330012,18389.000000
-7.585110,19050.000000
-9.173386,19762.000000
-7.235557,20422.000000
-6.901897,21037.000000
-5.932526,21696.000000
-8.198922,22305.000000
-8.547002,22924.000000
-8.064436,23626.000000
-7.494624,24325.000000
-6.957047,24966.000000
-8.395641,25579.000000
-8.243523,26189.000000
-8.034922,26788.000000
-7.262237,27428.000000
-7.714492,28058.000000
-6.537847,28709.000000
-8.518460,29395.000000
-8.805985,30073.000000
-8.702493,30636.000000
-2.667457,30941.000000
-7.953669,31526.000000
-8.509094,32195.000000
-8.184445,32785.000000
-9.332658,33411.000000
-7.389407,34135.000000
-7.685554,34775.000000
-8.892356,35398.000000
-5.933073,36043.000000
-6.670368,36637.000000
-8.065748,37285.000000
-8.034617,38085.000000
-7.591480,38716.000000
-7.226354,39289.000000
-8.938121,39885.000000
-7.614514,40446.000000
-8.498202,41030.000000
-7.135315,41629.000000
-6.689738,42217.000000
-8.141679,42793.000000
-6.587076,43429.000000
-8.173238,44057.000000
-5.292287,44585.000000
-6.051699,45158.000000
-7.662009,45752.000000
-7.026204,46347.000000
-7.414769,46949.000000
-8.124927,47748.000000
-7.743640,48391.000000
-5.755089,49116.000000
-7.304971,49722.000000
-7.296702,50240.000000
-7.242093,50821.000000
-8.799617,51477.000000
-3.635149,51989.000000
-8.046171,52602.000000
-7.525029,53225.000000
-7.113485,53765.000000
-7.133303,54329.000000
-7.345045,54905.000000
-6.735216,55477.000000
-8.326750,56074.000000
-1.273638,56272.000000
-7.922906,56795.000000
-7.447879,57436.000000
-6.392283,58013.000000
-8.254486,58692.000000
-7.777820,59298.000000
-7.060146,59895.000000
-7.645184,60434.000000
-7.251416,61100.000000
-6.105879,61641.000000
-6.845874,62196.000000
-7.214006,62842.000000
-7.433955,63419.000000
-4.898434,64028.000000
-8.413778,64611.000000
-7.016374,65210.000000
-5.932272,65782.000000
-7.621095,66351.000000
-6.852331,66931.000000
-6.426353,67489.000000
-7.274081,68075.000000
-7.961883,68673.000000
-6.373329,69216.000000
-7.554684,69767.000000
-7.273582,70366.000000
-7.405168,70889.000000
-8.936746,71508.000000
-5.398656,72121.000000
-6.841476,72822.000000
-6.888123,73391.000000
-7.074675,74050.000000
-6.434295,74644.000000
-6.845839,75203.000000
-6.351079,75803.000000
-7.476364,76396.000000
-7.793065,76946.000000
-8.021386,77537.000000
-6.982702,78068.000000
-8.665898,78668.000000
-8.314716,79268.000000
-7.704856,79789.000000
-6.910068,80367.000000
-6.207809,81018.000000
-6.302293,81687.000000
-6.669065,82265.000000
-7.887113,82836.000000
-7.959371,83429.000000
-6.970386,83995.000000
-6.828564,84550.000000
-7.272771,85120.000000
-6.481585,85671.000000
-6.975546,86294.000000
-7.799368,86855.000000
-8.527138,87442.000000
-7.980498,88030.000000
-5.564281,88632.000000
-7.312613,89203.000000
-8.255160,89769.000000
-7.003919,90438.000000
-8.513236,90983.000000
-6.954079,91590.000000
-7.067340,92124.000000
-6.559442,92621.000000
-6.237809,93157.000000
-6.557306,93799.000000
-5.544359,94331.000000
-7.237853,94984.000000
-8.329865,95504.000000
-7.193716,96145.000000
-6.718966,96655.000000
-6.715147,97179.000000
-8.678345,97711.000000
-7.659935,98268.000000
-6.568752,98904.000000
-6.279444,99441.000000
-7.200876,99992.000000
-7.010764,100519.000000
-7.289348,101109.000000
-7.963896,101717.000000
-7.059979,102286.000000
-8.635370,102919.000000
-8.241908,103552.000000
-7.156261,104109.000000
-8.185940,104692.000000
-5.974810,105273.000000
-6.237998,105803.000000
-7.825023,106352.000000
-7.310165,106929.000000
-7.502879,107559.000000
-6.274011,108137.000000
-6.186293,108682.000000
-6.658763,109231.000000
-7.795394,109866.000000
-6.667674,110400.000000
-6.767221,110983.000000
-6.189880,111522.000000
-6.477235,112044.000000
-6.297641,112628.000000
-5.894364,113195.000000
-5.695386,113746.000000
-4.317151,114324.000000
-7.623821,114860.000000
-5.481241,115414.000000
-5.340231,115968.000000
-5.510691,116517.000000
-6.779029,117060.000000
-5.600109,117614.000000
-6.329791,118141.000000
-8.214131,118763.000000
-6.974274,119281.000000
-9.002980,119869.000000
-7.076429,120386.000000
-5.669163,120940.000000
-7.481705,121476.000000
-7.171020,122077.000000
-6.611677,122615.000000
-6.243409,123232.000000
-6.925305,123746.000000
-0.197841,123847.000000
-7.308232,124351.000000
-0.002989,124363.000000
-6.564808,124896.000000
-6.761930,125457.000000
-6.200356,126002.000000
-7.982842,126558.000000
-6.384390,127091.000000
-7.324039,127609.000000
-5.964914,128107.000000
-8.081538,128651.000000
-8.423647,129269.000000
-0.002450,129279.000000
-7.268932,129895.000000
-2.040350,130126.000000
-5.463012,130660.000000
-7.722379,131236.000000
-6.898797,131731.000000
-5.165281,132305.000000
-5.693169,132806.000000
-5.222720,133574.000000
-7.314488,134180.000000
-5.344119,134674.000000
-5.644910,135172.000000
-5.378536,135686.000000
-7.136267,136278.000000
-6.326886,136831.000000
-5.968229,137424.000000
-1.469324,137641.000000
-7.606870,138196.000000
-5.482457,138767.000000
-5.081081,139327.000000
-6.056566,139875.000000
-7.398051,140416.000000
-7.745049,140967.000000
-6.951396,141508.000000
-6.024227,142093.000000
-7.040756,142700.000000
-7.262828,143268.000000
-6.818475,143753.000000
-7.257111,144329.000000
-6.858619,144824.000000
-6.469453,145479.000000
-7.411383,146029.000000
-6.406530,146524.000000
-7.988920,147125.000000
-7.062964,147670.000000
-6.622687,148151.000000
-7.426109,148631.000000
-6.354631,149187.000000
-6.714372,149716.000000
-5.917949,150244.000000
-7.438634,150905.000000
-6.545254,151434.000000
-4.253174,152036.000000
-8.231741,152626.000000
-6.038020,153185.000000
-7.420300,153791.000000
-6.818388,154435.000000
-6.430612,154998.000000
-8.190132,155578.000000
-7.734484,156168.000000
-7.137004,156696.000000
-5.990098,157195.000000
-6.856871,157701.000000
-7.597788,158377.000000
-6.312863,158828.000000
-6.658237,159445.000000
-6.693251,160015.000000
-7.260832,160530.000000
-6.885930,161145.000000
-7.351537,161714.000000
-6.609769,162247.000000
-5.558903,162809.000000
-7.859267,163380.000000
-6.947602,163957.000000
-5.556290,164481.000000
-8.006077,165032.000000
-6.370787,165577.000000
-6.853999,166070.000000
-7.544594,166662.000000
-7.615086,167216.000000
-6.383367,167757.000000
-4.780266,168265.000000
-6.302716,168794.000000
-8.410632,169419.000000
-6.935648,169972.000000
-8.680322,170589.000000
-6.984461,171167.000000
-6.433643,171639.000000
-7.593848,172166.000000
-6.233722,172686.000000
-6.896637,173364.000000
-6.403653,173932.000000
-6.359842,174517.000000
-6.824913,175072.000000
-6.549767,175616.000000
-6.800172,176164.000000
-7.491865,176801.000000
-7.260472,177347.000000
-6.190639,177862.000000
-4.310821,178401.000000
-7.061769,178933.000000
-6.495058,179442.000000
-3.576721,180047.000000
-5.882026,180522.000000
-8.121312,181135.000000
-6.772324,181783.000000
-5.458777,182370.000000
-6.592470,182967.000000
-6.032364,183483.000000
-4.962632,184166.000000
-2.473206,184470.000000
-6.537050,184983.000000
-6.325540,185491.000000
-6.069363,185988.000000
-5.588757,186612.000000
-7.084275,187148.000000
-5.578443,187707.000000
-6.929045,188228.000000
-7.531553,188793.000000
-6.811046,189261.000000
-6.017746,189868.000000
-7.927072,190470.000000
-6.693922,191042.000000
-6.605834,191526.000000
-7.312040,192011.000000
-5.333873,192629.000000
-2.249398,192922.000000
-6.617939,193400.000000
-7.757671,193983.000000
-0.540215,194111.000000
-7.358756,194667.000000
-7.201187,195168.000000
-5.906951,195665.000000
-7.786926,196269.000000
-7.312674,196743.000000
-5.135962,197363.000000
-6.688583,197861.000000
-7.231551,198368.000000
-5.361566,198845.000000
-6.086017,199376.000000
-5.595286,199858.000000
-5.733726,200299.000000
-6.657846,200868.000000
-7.163590,201383.000000
-4.655947,201867.000000
-6.311583,202443.000000
-7.277568,202955.000000
-7.593669,203542.000000
-7.035323,204049.000000
-6.610707,204643.000000
-4.760439,205146.000000
-6.494481,205658.000000
-6.803514,206310.000000
-6.814250,206849.000000
-6.069688,207381.000000
-7.067782,207964.000000
-6.950432,208479.000000
-7.653358,209062.000000
-5.144040,209627.000000
-5.278302,210188.000000
-7.445182,210745.000000
-6.991260,211256.000000
-5.306989,211752.000000
-6.054728,212297.000000
-6.362691,212903.000000
-6.287405,213473.000000
-6.456344,213952.000000
-7.986776,214449.000000
-7.063740,215023.000000
-7.099405,215704.000000
-4.981453,216256.000000
-5.842717,216753.000000
-6.499813,217259.000000
-6.160051,217783.000000
-5.241372,218265.000000
-6.476108,218886.000000
-6.369613,219488.000000
-6.417805,220002.000000
-5.032158,220495.000000
-4.665642,221009.000000
-5.636057,221621.000000
-6.510721,222154.000000
-6.690901,222646.000000
-6.037657,223102.000000
-6.780130,223645.000000
-7.790012,224269.000000
-6.923884,224827.000000
-6.116585,225302.000000
-7.781301,225798.000000
-5.559080,226332.000000
-7.287924,226835.000000
-5.011074,227293.000000
-6.241158,227812.000000
-6.889702,228300.000000
-6.057069,228837.000000
-5.644864,229294.000000
-7.186476,229798.000000
-4.957585,230378.000000
-6.624061,230903.000000
-7.178537,231448.000000
-4.282294,231971.000000
-2.838371,232297.000000
-6.914311,232795.000000
-7.115647,233381.000000
-5.272923,233946.000000
-7.538920,234467.000000
-6.270630,234938.000000
-5.945562,235547.000000
-5.559305,236052.000000
-5.678347,236520.000000
-4.290699,237025.000000
-5.604125,237530.000000
-6.055516,237997.000000
-5.190230,238649.000000
-7.561104,239208.000000
-7.563905,239784.000000
-5.281047,240279.000000
-7.414405,240764.000000
-6.098608,241217.000000
-6.525885,241749.000000
-6.769669,242249.000000
-4.577790,242827.000000
-6.980019,243307.000000
-6.491446,243883.000000
-6.453982,244476.000000
-5.234927,245017.000000
-7.152685,245569.000000
-7.990074,246055.000000
-5.749421,246593.000000
-6.097020,247092.000000
-5.624302,247555.000000
-5.919703,248026.000000
-5.341181,248586.000000
-5.495335,249084.000000
-7.066346,249570.000000
-7.294279,250067.000000
-6.301687,250597.000000
-5.903352,251150.000000
-5.362382,251648.000000
-6.274473,252158.000000
-6.229973,252703.000000
-7.552931,253272.000000
-6.015640,253850.000000
-5.773085,254344.000000
-6.706618,254838.000000
-4.077968,255209.000000
-6.777077,255721.000000
-5.764000,256373.000000
-5.928503,256930.000000
-5.950875,257372.000000
-4.776534,257844.000000
-5.348949,258265.000000
-6.337410,258751.000000
-7.284639,259255.000000
-6.070790,259933.000000
-5.591271,260448.000000
-4.584166,260932.000000
-7.134139,261425.000000
-8.407479,262043.000000
-6.312354,262521.000000
-6.169592,262990.000000
-6.443193,263482.000000
-6.956832,264034.000000
-5.635500,264508.000000
-4.861527,265057.000000
-6.382298,265603.000000
-6.857780,266090.000000
-6.546334,266573.000000
-5.843356,267093.000000
-5.639199,267623.000000
-5.447233,268097.000000
-4.526414,268651.000000
-6.562159,269108.000000
-5.758307,269604.000000
-8.150744,270151.000000
-0.350335,270240.000000
-6.947539,270687.000000
-7.969578,271188.000000
-6.308439,271697.000000
-6.037393,272246.000000
-6.377469,272770.000000
-5.459531,273260.000000
-5.474381,273784.000000
-5.509355,274368.000000
-5.719933,274980.000000
-7.040889,275508.000000
-6.788814,275945.000000
-6.848127,276510.000000
-6.353932,277044.000000
-5.336985,277542.000000
-6.349026,278044.000000
-6.847254,278593.000000
