-8.072489,682.000000
-2.859537,986.000000
-0.118762,1051.000000
-6.670902,1718.000000
-7.917664,2518.000000
-9.663794,3220.000000
-8.204238,3943.000000
-6.151587,4637.000000
-9.673166,5332.000000
-8.384244,5999.000000
-9.168173,6702.000000
-8.207787,7373.000000
-8.379760,8042.000000
-8.395354,8673.000000
-8.375597,9289.000000
-6.085338,9947.000000
-8.454389,10600.000000
-8.810309,11272.000000
-7.867834,11910.000000
-8.365286,12609.000000
-9.289317,13339.000000
-9.655596,13979.000000
-8.787446,14694.000000
-9.485187,15372.000000
-8.530912,16068.000000
-7.989219,16720.000000
-8.745353,17378.000000
-8.379295,18091.000000
-8.961344,18823.000000
-9.389628,19492.000000
-7.355084,20096.000000
-9.420780,20723.000000
-7.629041,21343.000000
-7.181690,21975.000000
-8.748245,22676.000000
-5.354088,23320.000000
-8.536285,23927.000000
-10.067950,24578.000000
-8.098688,25226.000000
-6.912379,25852.000000
-6.061427,26454.000000
-5.558200,27088.000000
-7.791421,27675.000000
-9.980624,28365.000000
-8.064769,28993.000000
-6.381901,29621.000000
-8.651461,30244.000000
-9.910711,30866.000000
-7.960698,31481.000000
-9.449486,32104.000000
-8.296131,32786.000000
-6.396340,33395.000000
-4.378045,34022.000000
-9.920225,34667.000000
-8.405976,35246.000000
-7.673688,35888.000000
-8.602730,36524.000000
-8.104791,37190.000000
-6.317480,37795.000000
-7.351860,38435.000000
-9.739736,39160.000000
-6.989361,39960.000000
-8.709384,40557.000000
-7.990437,41199.000000
-7.358494,41851.000000
-6.058702,42435.000000
-9.187533,43106.000000
-9.355827,43758.000000
-7.851322,44302.000000
-8.409059,44909.000000
-7.678714,45600.000000
-7.523486,46176.000000
-8.860403,46750.000000
-7.600633,47422.000000
-8.866547,48054.000000
-7.669480,48675.000000
-8.054121,49323.000000
-6.690794,49902.000000
-8.094295,50483.000000
-6.436755,51071.000000
-8.158686,51684.000000
-8.463248,52331.000000
-8.480333,52921.000000
-7.442382,53571.000000
-7.659318,54136.000000
-8.123385,54729.000000
-5.799153,55323.000000
-5.102943,55952.000000
-8.251362,56561.000000
-7.667669,57220.000000
-6.967034,58020.000000
-6.576345,58642.000000
-8.184108,59315.000000
-8.551971,60115.000000
-9.024812,60770.000000
-7.338173,61476.000000
-6.541866,62115.000000
-7.563183,62731.000000
-9.132492,63351.000000
-8.125248,63986.000000
-6.373239,64623.000000
-8.454533,65263.000000
-9.089078,65849.000000
-7.454671,66415.000000
-6.273914,67035.000000
-6.909497,67652.000000
-8.247203,68304.000000
-9.075788,68908.000000
-6.765861,69508.000000
-7.348873,70072.000000
-8.676107,70830.000000
-7.008817,71370.000000
-6.356470,71949.000000
-7.329609,72676.000000
-8.080734,73175.000000
-8.616865,73884.000000
-7.566976,74547.000000
-8.588620,75182.000000
-6.756683,75734.000000
-7.925070,76254.000000
-7.350678,76853.000000
-9.727231,77653.000000
-0.676583,77823.000000
-7.263556,78442.000000
-6.988762,78989.000000
-8.871283,79789.000000
-7.175729,80383.000000
-6.550983,80926.000000
-6.878682,81536.000000
-7.298336,82288.000000
-8.170546,82913.000000
-8.528824,83521.000000
-6.838545,84205.000000
-7.345026,84753.000000
-8.563809,85397.000000
-6.688024,86005.000000
-6.032839,86623.000000
-2.653553,86939.000000
-6.142120,87531.000000
-5.026890,88122.000000
-6.955303,88736.000000
-8.861240,89401.000000
-7.926102,89992.000000
-7.991879,90691.000000
-9.180914,91327.000000
-6.319290,91955.000000
-7.861063,92599.000000
-7.847992,93141.000000
-8.711934,93816.000000
-6.936972,94383.000000
-7.135159,94974.000000
-8.783017,95748.000000
-6.772580,96273.000000
-7.029440,96897.000000
-7.972114,97683.000000
-7.627418,98385.000000
-6.295808,98929.000000
-6.567402,99565.000000
-7.762317,100290.000000
-8.444294,100944.000000
-7.851880,101600.000000
-8.082432,102200.000000
-7.717725,102795.000000
-8.064759,103353.000000
-7.899695,103963.000000
-7.328485,104568.000000
-8.531903,105339.000000
-7.300331,105904.000000
-6.852879,106513.000000
-7.845099,107183.000000
-9.051588,107856.000000
-6.362668,108610.000000
-5.774750,109244.000000
-6.214090,109760.000000
-5.861320,110338.000000
-8.032485,110903.000000
-8.179010,111592.000000
-7.642018,112174.000000
-9.417971,112903.000000
-7.971316,113682.000000
-8.731125,114370.000000
-8.670434,114975.000000
-7.777990,115516.000000
-10.279155,116295.000000
-6.790191,116943.000000
-7.079419,117498.000000
-7.989282,118176.000000
-7.678543,118907.000000
-8.665310,119653.000000
-6.426354,120302.000000
-6.918342,120947.000000
-7.152903,121641.000000
-9.779276,122339.000000
-6.719862,122971.000000
-7.937137,123675.000000
-7.712197,124212.000000
-6.177473,125012.000000
-3.900778,125569.000000
-9.213063,126157.000000
-6.373871,126710.000000
