-8.955925,740.000000
-9.027143,1456.000000
-8.068375,2141.000000
-10.577215,2878.000000
-8.977089,3601.000000
-8.666142,4401.000000
-9.329485,5185.000000
-1.160459,5440.000000
-7.535143,6126.000000
-9.526810,6809.000000
-10.449271,7500.000000
-8.572955,8230.000000
-8.386547,8953.000000
-8.769524,9652.000000
-9.053923,10452.000000
-10.926878,11225.000000
-0.002461,11235.000000
-9.891495,11956.000000
-9.053330,12756.000000
-8.004813,13506.000000
-8.770822,14181.000000
-8.357474,14826.000000
-9.738750,15478.000000
-9.163463,16278.000000
-7.782211,16913.000000
-8.147411,17542.000000
-7.390891,18172.000000
-8.369752,18788.000000
-9.013376,19420.000000
-8.388630,20064.000000
-6.864943,20680.000000
-6.745899,21366.000000
-6.327644,21998.000000
-7.907352,22616.000000
-4.833617,23197.000000
-9.286882,23789.000000
-8.022062,24380.000000
-8.289802,24972.000000
-8.240320,25689.000000
-7.783886,26245.000000
-9.671787,26890.000000
-8.090391,27650.000000
-7.054549,28249.000000
-7.708678,28829.000000
-7.811495,29411.000000
-6.349550,30115.000000
-6.716067,30678.000000
-5.304361,31276.000000
-7.368583,31799.000000
-6.113168,32386.000000
-7.220664,33111.000000
-8.637589,33710.000000
-7.628954,34299.000000
-8.114308,34927.000000
-8.396467,35523.000000
-6.916384,36090.000000
-7.359087,36653.000000
-8.138890,37284.000000
-7.853195,37893.000000
-7.755026,38427.000000
-6.052338,39041.000000
-7.666215,39610.000000
-7.327415,40203.000000
-5.829840,40726.000000
-7.537875,41387.000000
-6.710862,41933.000000
-6.018514,42500.000000
-7.330354,43085.000000
-6.972891,43644.000000
-6.964096,44163.000000
-8.471012,44748.000000
-6.559633,45361.000000
-8.479863,45918.000000
-6.072788,46493.000000
-7.164775,47045.000000
-8.472861,47641.000000
-7.385042,48218.000000
-7.838869,48788.000000
-7.437353,49455.000000
-8.255414,50130.000000
-8.059247,50713.000000
-8.966991,51291.000000
-8.089930,51912.000000
-6.420159,52455.000000
-7.647227,53036.000000
-3.643723,53521.000000
-8.179324,54297.000000
-6.674763,54892.000000
-7.361671,55406.000000
-6.888683,55970.000000
-5.803658,56498.000000
-6.388988,57083.000000
-8.021350,57669.000000
-6.522998,58292.000000
-5.881742,58862.000000
-6.928571,59372.000000
-7.713960,59938.000000
-6.794864,60455.000000
-6.474242,61013.000000
-6.174736,61560.000000
-5.679775,62087.000000
-6.320578,62661.000000
-7.439793,63176.000000
-6.802578,63713.000000
-7.000377,64249.000000
-7.181865,64766.000000
-8.387054,65385.000000
-7.407233,65935.000000
-7.573744,66474.000000
-6.494886,67007.000000
-6.494370,67574.000000
-6.656645,68134.000000
-6.531172,68698.000000
-7.134946,69298.000000
-5.884614,69842.000000
-0.230599,69934.000000
-4.693745,70483.000000
-6.323647,71037.000000
-4.070077,71479.000000
-3.831225,72007.000000
-6.499385,72518.000000
-6.379102,73182.000000
-8.114142,73728.000000
-7.654040,74271.000000
-6.097218,74833.000000
-6.182621,75362.000000
-7.617454,75888.000000
-7.054144,76530.000000
-6.184011,77077.000000
-8.029446,77632.000000
-4.962471,78103.000000
-7.115180,78639.000000
-5.878710,79162.000000
-5.616074,79659.000000
-7.719214,80286.000000
-6.895787,80791.000000
-6.467353,81359.000000
-6.004963,81873.000000
-6.253061,82381.000000
-6.182755,82959.000000
-6.244623,83521.000000
-5.616075,83992.000000
-6.816900,84492.000000
-6.535023,85071.000000
-5.039099,85573.000000
-6.022910,86260.000000
-5.944199,86725.000000
-7.373170,87303.000000
-6.296339,87878.000000
-6.659052,88414.000000
-6.206350,88895.000000
-6.435757,89385.000000
-7.301614,89930.000000
-6.275684,90506.000000
-7.869976,91035.000000
-7.657618,91617.000000
-4.394854,92107.000000
-7.905092,92594.000000
-6.949357,93116.000000
-7.606640,93624.000000
-5.735106,94138.000000
-6.967680,94679.000000
-6.783656,95215.000000
-7.548552,95711.000000
-6.684483,96352.000000
-6.106487,96848.000000
-4.562124,97379.000000
-5.768089,97881.000000
-6.350298,98430.000000
-5.313252,98915.000000
-6.916000,99457.000000
-6.357591,99953.000000
-6.226033,100455.000000
-5.921060,100965.000000
-7.239022,101555.000000
-7.608677,102154.000000
-6.402555,102659.000000
-7.756538,103367.000000
-5.913642,103832.000000
-5.412787,104398.000000
-6.981348,105083.000000
-5.825819,105592.000000
-4.301105,106134.000000
-0.106532,106196.000000
-5.756092,106820.000000
-5.465555,107297.000000
-5.378187,107864.000000
-6.138902,108360.000000
-1.075742,108563.000000
-6.577055,109084.000000
-5.767546,109563.000000
-5.351550,110086.000000
-7.612950,110624.000000
-6.425692,111193.000000
-5.483552,111703.000000
-6.578048,112193.000000
-0.001913,112201.000000
-6.228000,112670.000000
-5.731801,113136.000000
-5.289330,113623.000000
-5.680931,114106.000000
-7.279640,114614.000000
-6.606439,115173.000000
-6.467458,115695.000000
-6.502877,116200.000000
-5.849491,116677.000000
-7.169438,117210.000000
-7.719751,117746.000000
-7.865250,118322.000000
-8.203367,118808.000000
-6.865493,119380.000000
-8.004455,120012.000000
-6.748543,120577.000000
-6.680453,121066.000000
-3.116893,121752.000000
-7.094714,122251.000000
-6.699219,122731.000000
-7.554919,123281.000000
-4.913534,123780.000000
-5.474205,124513.000000
-7.370744,125104.000000
-7.392000,125750.000000
-4.405144,126377.000000
-6.555269,126959.000000
-5.568917,127513.000000
-6.619647,128051.000000
-6.787989,128524.000000
-6.995793,129036.000000
-6.291116,129517.000000
-5.992665,129948.000000
-6.030946,130440.000000
-6.546151,131025.000000
-7.227081,131825.000000
-7.381378,132395.000000
-6.161805,132921.000000
-6.226708,133518.000000
-6.526978,134083.000000
-6.713979,134727.000000
-5.813863,135237.000000
-6.224127,135743.000000
-6.396361,136260.000000
-6.388927,136897.000000
-6.631387,137460.000000
-4.749804,138004.000000
-6.459196,138507.000000
-6.997995,139041.000000
-7.528648,139564.000000
-7.656257,140138.000000
-5.966678,140642.000000
-5.788483,141275.000000
-7.832887,141776.000000
-7.492699,142320.000000
-7.686882,142853.000000
-4.747162,143237.000000
-6.142393,143963.000000
-7.125768,144527.000000
-6.179761,145032.000000
-6.899851,145506.000000
-7.550076,146071.000000
-5.613733,146512.000000
-7.192764,146993.000000
-6.182739,147452.000000
-6.415856,147980.000000
-7.536619,148724.000000
-6.938458,149341.000000
-7.785628,149898.000000
-0.001911,149906.000000
-6.657370,150606.000000
-7.046754,151139.000000
-7.484643,151653.000000
-6.415383,152396.000000
-6.084596,152888.000000
-6.534715,153429.000000
-6.991400,154069.000000
-8.493860,154562.000000
-5.563810,155194.000000
-6.683080,155667.000000
-6.390368,156259.000000
-8.497751,156843.000000
-6.466896,157359.000000
-7.107769,157870.000000
-7.150605,158446.000000
-4.920465,159031.000000
-7.576418,159516.000000
-6.322111,159967.000000
-6.226082,160495.000000
-5.134566,161017.000000
-6.641554,161480.000000
-6.630160,161966.000000
-6.153262,162413.000000
-5.412172,162927.000000
-5.558488,163401.000000
-5.406967,163896.000000
-7.019466,164466.000000
-7.060023,165016.000000
-7.287475,165642.000000
-6.121076,166135.000000
-6.607334,166684.000000
-8.047170,167275.000000
-5.571078,167819.000000
-6.009644,168492.000000
-7.700608,169047.000000
-5.527192,169529.000000
-6.724667,170001.000000
-6.224632,170520.000000
-6.080827,170993.000000
-5.821081,171467.000000
-6.880507,171986.000000
-6.800757,172575.000000
-6.784257,173049.000000
-6.932725,173523.000000
-6.862358,174030.000000
-5.909951,174570.000000
-6.325690,175052.000000
-5.592636,175572.000000
-7.188905,176198.000000
-7.640728,176739.000000
-6.698742,177216.000000
-5.987443,177754.000000
-6.468590,178335.000000
-0.001886,178343.000000
-7.008650,178865.000000
-4.264846,179334.000000
-6.826197,179786.000000
-6.282234,180269.000000
-4.853940,180816.000000
-5.727538,181352.000000
-7.640796,181929.000000
-4.219565,182623.000000
-7.925425,183385.000000
-6.165523,184089.000000
-5.996227,184612.000000
-7.304781,185296.000000
-5.615576,185889.000000
-6.904019,186385.000000
-6.913605,186885.000000
-5.455137,187389.000000
-7.260610,187932.000000
-6.706982,188443.000000
-5.469880,189057.000000
-7.202950,189566.000000
-6.202419,190068.000000
-7.862325,190573.000000
-6.974347,191077.000000
-6.244470,191588.000000
-6.371819,192144.000000
-6.981469,192716.000000
-5.036045,193292.000000
-6.681653,193827.000000
-7.452249,194329.000000
-5.686136,194874.000000
-7.295121,195467.000000
-6.191073,196033.000000
-5.474497,196532.000000
-5.397976,197095.000000
-6.131270,197626.000000
-5.320155,198159.000000
-4.905501,198645.000000
-6.739450,199348.000000
-7.472243,199919.000000
-6.782787,200439.000000
-6.634733,200978.000000
-5.747341,201523.000000
-6.141482,202103.000000
-6.298056,202688.000000
-7.052149,203320.000000
-6.234138,203855.000000
-6.386833,204371.000000
-5.657021,204871.000000
-5.640340,205367.000000
-6.660576,205911.000000
-6.773654,206405.000000
-7.255850,206982.000000
-7.182998,207535.000000
-6.134524,208268.000000
-5.730523,208718.000000
-6.184558,209243.000000
-5.845420,209729.000000
-5.235091,210231.000000
-7.022244,210727.000000
-6.899193,211268.000000
-5.865383,211853.000000
-6.771238,212395.000000
-6.043044,212859.000000
-6.338482,213500.000000
-6.140669,213979.000000
-5.937911,214471.000000
-5.527870,214947.000000
-6.132219,215444.000000
-6.270703,216004.000000
-6.803773,216681.000000
-1.512133,216911.000000
-6.215720,217476.000000
-6.468017,217956.000000
-6.866226,218612.000000
-5.525504,219182.000000
-7.204721,219730.000000
-7.107877,220301.000000
-6.900397,220914.000000
-6.155319,221503.000000
-6.050740,222095.000000
-6.696901,222692.000000
-7.050316,223241.000000
-7.792616,223836.000000
-5.909529,224307.000000
-5.204881,224790.000000
-4.831965,225298.000000
-8.309599,225915.000000
-6.793328,226476.000000
-6.040282,226937.000000
-4.716318,227477.000000
-7.251987,228006.000000
-7.796446,228611.000000
-6.655539,229149.000000
-7.227058,229764.000000
-8.645224,230359.000000
-6.313944,230834.000000
-6.891686,231390.000000
-6.728389,231871.000000
-6.782874,232330.000000
-7.561389,232823.000000
-6.884597,233623.000000
-7.613380,234249.000000
-5.306461,234778.000000
-7.397379,235326.000000
-7.518956,235845.000000
-6.905983,236423.000000
-5.222473,236925.000000
-6.699717,237438.000000
-6.872511,238042.000000
-5.887539,238499.000000
-7.813123,239126.000000
-5.774216,239753.000000
-7.251222,240238.000000
-7.076614,240794.000000
-4.368862,241251.000000
-7.875221,241902.000000
-8.413650,242509.000000
-6.956624,242989.000000
-5.976414,243581.000000
-7.096432,244073.000000
-6.607036,244625.000000
-5.582900,245129.000000
-3.524580,245555.000000
-6.376468,246058.000000
-4.808533,246594.000000
-7.917197,247196.000000
-6.594315,247689.000000
-6.377549,248319.000000
-6.158163,248794.000000
-5.943374,249308.000000
-7.458723,249812.000000
-7.789422,250407.000000
-4.680353,250876.000000
-7.044331,251561.000000
-6.712696,252107.000000
-6.307234,252590.000000
-4.786076,253072.000000
-6.660202,253568.000000
-5.650681,254195.000000
-7.905891,254759.000000
-3.297580,255280.000000
-5.389413,255795.000000
-5.273300,256312.000000
-0.001905,256320.000000
-6.845247,256813.000000
-6.116854,257557.000000
-8.435355,258048.000000
-6.846820,258634.000000
-4.812172,259260.000000
-4.851599,259774.000000
-6.155556,260373.000000
-6.790265,260945.000000
-6.433079,261516.000000
-7.560603,262046.000000
-7.054333,262599.000000
-6.239717,263333.000000
-6.388753,263859.000000
-6.415660,264391.000000
-6.443005,265082.000000
-6.819067,265559.000000
-6.894486,266203.000000
-6.815492,266728.000000
-7.344532,267293.000000
-7.779309,267974.000000
-4.002838,268635.000000
-7.289244,269186.000000
-5.761084,269709.000000
-7.184099,270270.000000
-6.463151,270775.000000
-4.637609,271359.000000
-7.175887,271968.000000
-7.319193,272762.000000
-7.489435,273325.000000
-7.168731,273844.000000
-0.006579,273869.000000
-6.982554,274562.000000
-5.950198,275040.000000
-9.484897,275614.000000
-8.185005,276169.000000
-5.182947,276645.000000
-4.346663,277217.000000
-6.559038,277885.000000
-5.337028,278407.000000
-0.123680,278482.000000
-8.463949,279228.000000
-5.985420,279967.000000
-5.474001,280434.000000
-8.117171,281064.000000
-6.896025,281711.000000
-6.687482,282275.000000
-5.763764,282796.000000
-7.189363,283447.000000
-8.336827,283969.000000
-7.053839,284474.000000
-5.845457,285028.000000
-4.395827,285598.000000
-7.151501,286124.000000
-7.990689,286731.000000
-7.422975,287361.000000
-6.523273,287945.000000
-7.805021,288471.000000
-7.157894,288948.000000
-7.077021,289569.000000
-7.422938,290189.000000
-8.712759,290870.000000
-8.433890,291519.000000
-5.827398,292260.000000
-7.261484,292805.000000
-7.057665,293301.000000
-6.497367,293873.000000
-7.365837,294527.000000
-5.207307,295106.000000
-7.034619,295655.000000
-5.421545,296104.000000
-7.539993,296624.000000
-4.732566,297176.000000
-7.110390,297694.000000
-7.343261,298333.000000
-6.486520,298834.000000
-7.759233,299360.000000
-6.248344,299830.000000
-5.800972,300205.000000
-1.772915,300463.000000
-7.389557,301149.000000
-6.252850,301680.000000
-6.759523,302276.000000
-7.009376,302977.000000
-3.491184,303507.000000
-6.891444,304071.000000
-7.068671,304695.000000
-6.438041,305210.000000
-5.767291,305775.000000
-8.319470,306363.000000
-8.800305,306991.000000
-7.285174,307546.000000
-0.999733,307719.000000
-5.567107,308267.000000
-0.168729,308329.000000
-7.262347,308994.000000
-6.819411,309731.000000
-5.320414,310339.000000
-5.911538,310846.000000
-7.865898,311443.000000
-4.125027,312082.000000
-6.325857,312536.000000
-6.182104,313074.000000
-7.193981,313610.000000
-5.944544,314252.000000
-6.797458,314760.000000
-6.976346,315261.000000
-5.630031,315764.000000
-7.344922,316377.000000
-7.276693,316950.000000
-7.839112,317577.000000
-6.061406,318068.000000
-3.481446,318501.000000
-5.833123,319024.000000
-6.713797,319585.000000
-6.090411,320065.000000
-5.545787,320705.000000
-7.051911,321311.000000
-0.203945,321393.000000
-8.862939,322116.000000
-6.664848,322671.000000
-6.009164,323181.000000
-6.151945,323715.000000
-6.059099,324382.000000
-0.093002,324432.000000
-7.894108,325029.000000
-4.509146,325609.000000
-6.568315,326115.000000
-5.189393,326717.000000
-6.901923,327349.000000
-6.863700,327947.000000
-7.590770,328490.000000
-6.154248,329011.000000
-6.916269,329641.000000
-6.473760,330158.000000
-6.539916,330657.000000
-6.377793,331161.000000
-8.825467,331961.000000
-6.145569,332492.000000
-8.189033,333023.000000
-7.254554,333642.000000
-6.041526,334150.000000
-7.246655,334683.000000
-7.946346,335292.000000
-7.041756,335838.000000
-6.133952,336324.000000
-5.785453,336923.000000
-6.503980,337518.000000
-6.414200,337999.000000
-6.687122,338699.000000
-7.347369,339347.000000
-6.486296,339833.000000
-8.677177,340423.000000
-6.372672,340952.000000
-5.598098,341429.000000
-7.019593,342033.000000
-8.544850,342605.000000
-5.680202,343360.000000
-7.119083,343953.000000
-7.433759,344524.000000
-4.631480,345041.000000
-6.878627,345586.000000
-6.990398,346249.000000
-5.598103,346790.000000
-6.479474,347309.000000
-5.344817,347869.000000
-4.684841,348356.000000
-5.212577,348912.000000
-5.940180,349519.000000
-6.247889,350022.000000
-7.951619,350613.000000
-6.904979,351170.000000
-5.628407,351721.000000
-5.449451,352351.000000
-7.590314,352974.000000
-6.698761,353529.000000
-6.556819,354161.000000
-6.031931,354743.000000
-5.581073,355444.000000
-8.594050,356044.000000
-8.034394,356662.000000
-5.647172,357182.000000
-9.836115,357871.000000
-5.563155,358418.000000
-5.250643,358897.000000
-6.442802,359515.000000
-8.417032,360131.000000
-7.664698,360641.000000
-7.382245,361104.000000
-5.866884,361713.000000
-6.797266,362207.000000
-5.946686,362864.000000
-7.407719,363389.000000
-6.275785,363942.000000
-6.965874,364521.000000
-6.402043,365163.000000
-6.286292,365657.000000
-0.001899,365665.000000
-5.473990,366213.000000
-8.767635,366893.000000
-7.206008,367470.000000
-8.367270,368039.000000
-6.376862,368583.000000
-6.436655,369149.000000
-6.491877,369707.000000
-5.787670,370184.000000
-6.418706,370769.000000
-6.974182,371329.000000
-5.361719,371976.000000
-4.335554,372528.000000
-5.576202,373057.000000
-7.289484,373540.000000
-4.982976,374115.000000
-6.673651,374606.000000
-6.713884,375137.000000
-4.361126,375647.000000
-2.312450,375898.000000
-5.907704,376478.000000
-6.681326,376956.000000
-6.849515,377652.000000
-6.319390,378271.000000
-6.589935,378867.000000
-5.316307,379444.000000
-6.372281,379946.000000
-6.514489,380573.000000
-5.232127,381106.000000
-4.926523,381723.000000
-7.556976,382289.000000
-7.123886,382836.000000
-5.277796,383394.000000
-5.730165,384110.000000
-5.968579,384690.000000
-6.832391,385188.000000
-7.226668,385988.000000
-5.000151,386573.000000
-6.680965,387264.000000
-7.037596,387862.000000
-6.299998,388388.000000
-7.030861,389040.000000
-8.359942,389641.000000
-6.981836,390242.000000
-8.346848,390970.000000
-5.977513,391472.000000
-5.245367,391996.000000
-5.849198,392563.000000
-7.276284,393090.000000
-5.715271,393630.000000
-6.360538,394118.000000
-7.309291,394889.000000
-5.574918,395548.000000
-6.094396,396025.000000
-5.975520,396756.000000
-7.674664,397384.000000
-7.078062,397887.000000
-5.804555,398371.000000
-3.805019,398723.000000
-6.101975,399259.000000
-6.911376,399896.000000
-6.186326,400403.000000
-8.017025,400942.000000
-5.589047,401425.000000
-9.063968,402001.000000
-5.675362,402465.000000
-6.094420,402976.000000
-5.087462,403415.000000
-7.262661,403917.000000
-7.772335,404435.000000
-6.643742,404968.000000
-6.732627,405467.000000
-7.041310,405957.000000
-6.600307,406442.000000
-5.748500,406962.000000
-5.951362,407645.000000
-7.421219,408175.000000
-6.994083,408826.000000
-4.020572,409370.000000
-5.653388,409891.000000
-7.026856,410426.000000
-6.374607,410991.000000
-6.070830,411501.000000
-7.408625,412045.000000
-6.753596,412698.000000
-7.263627,413207.000000
-6.022307,413731.000000
-7.818015,414243.000000
-7.130876,414904.000000
-6.632860,415329.000000
-5.672133,415877.000000
-7.619676,416479.000000
-6.047551,416952.000000
-7.340997,417462.000000
-8.077493,418022.000000
-7.081775,418655.000000
-6.974366,419222.000000
-0.646524,419393.000000
-6.340290,419863.000000
-6.055225,420433.000000
-5.277282,420970.000000
-6.345867,421578.000000
-6.450777,422103.000000
-4.909965,422695.000000
-7.221972,423205.000000
-5.612749,423711.000000
-4.191446,424380.000000
-5.629667,424961.000000
-9.201933,425520.000000
-5.060732,425987.000000
-5.592653,426491.000000
-6.838864,427043.000000
-6.790512,427690.000000
-5.979467,428179.000000
-7.409089,428653.000000
-5.713609,429196.000000
-7.238804,429768.000000
-7.252458,430290.000000
-4.943938,430874.000000
-5.153936,431372.000000
-6.816965,431869.000000
-8.793461,432431.000000
-6.725680,433054.000000
-6.209839,433632.000000
-6.148295,434071.000000
-5.805692,434636.000000
-5.554377,435243.000000
-6.996169,435869.000000
-5.903631,436329.000000
-7.758156,436865.000000
-6.745670,437412.000000
-6.528504,437925.000000
-4.757715,438403.000000
-6.239659,438854.000000
-5.762556,439415.000000
-7.438697,440211.000000
-5.601833,440749.000000
-6.519414,441434.000000
-5.274667,441946.000000
-5.361860,442437.000000
-6.035674,442897.000000
-0.471849,443004.000000
-7.119014,443521.000000
-6.671678,444029.000000
-0.001907,444037.000000
-5.291847,444659.000000
-6.743871,445187.000000
-6.296635,445736.000000
-7.954287,446289.000000
-5.943732,446749.000000
-4.711234,447187.000000
-5.981241,447761.000000
-5.848891,448343.000000
-8.626213,449044.000000
-8.194205,449575.000000
-6.230646,450056.000000
-7.672010,450757.000000
-6.496946,451557.000000
-6.934680,452132.000000
-5.919152,452709.000000
-5.917485,453202.000000
-0.038560,453234.000000
-5.775201,453810.000000
-5.209741,454274.000000
-5.719218,454773.000000
-5.321517,455309.000000
-4.390356,455794.000000
-7.101420,456428.000000
-2.821375,456765.000000
-6.051667,457219.000000
-3.125506,457676.000000
-6.585137,458231.000000
-6.070319,458752.000000
-6.734948,459270.000000
-7.274714,459748.000000
-6.042792,460248.000000
-5.717784,460810.000000
-6.453571,461356.000000
-0.004061,461372.000000
-5.135804,461856.000000
-6.508840,462326.000000
-6.290789,462887.000000
-6.534562,463370.000000
-8.162132,464170.000000
-6.356031,464735.000000
-5.749159,465268.000000
-3.281083,465736.000000
-5.779575,466536.000000
-6.547387,467102.000000
-4.693010,467565.000000
-6.584838,468130.000000
-1.881235,468365.000000
-7.954233,468927.000000
-4.544510,469398.000000
-7.779343,470025.000000
-7.070419,470485.000000
-6.048397,471036.000000
-6.002212,471553.000000
-7.969478,472092.000000
-6.405893,472710.000000
-7.436508,473347.000000
-7.452643,473956.000000
-6.561805,474495.000000
-6.768945,475017.000000
-8.255491,475519.000000
-5.477830,476286.000000
-5.889983,476873.000000
-4.618994,477331.000000
-6.738112,477856.000000
-5.557423,478326.000000
-6.130319,478893.000000
-5.786483,479430.000000
-4.959490,480061.000000
-8.212841,480662.000000
-7.253338,481152.000000
-7.625932,481756.000000
-7.423537,482304.000000
-6.376011,483051.000000
-8.047707,483645.000000
-7.586896,484212.000000
-7.007932,484686.000000
-6.072386,485220.000000
-4.937278,485803.000000
-6.860623,486314.000000
-7.614642,486984.000000
-7.704991,487588.000000
-7.827635,488185.000000
-8.350176,488755.000000
-6.248621,489281.000000
-7.145641,489812.000000
-9.062547,490442.000000
-4.686932,490956.000000
-6.675446,491498.000000
-6.889141,492047.000000
-4.449129,492425.000000
-5.320020,493035.000000
-5.272527,493514.000000
-6.641907,494000.000000
-6.755713,494579.000000
-6.715882,495160.000000
-7.138837,495642.000000
-8.044339,496200.000000
-5.691326,496932.000000
-7.372052,497492.000000
-6.417554,498169.000000
-6.622928,498688.000000
-6.564446,499174.000000
-5.069340,499681.000000
-5.183580,500175.000000
-5.476003,500727.000000
-9.555999,501372.000000
-7.794358,501906.000000
-6.335035,502453.000000
-4.844396,502976.000000
-7.543331,503526.000000
-7.873960,504070.000000
-6.635977,504616.000000
-7.049655,505125.000000
-8.948561,505685.000000
-5.561884,506254.000000
-6.929582,506774.000000
-7.898396,507278.000000
-5.730821,507879.000000
-6.506121,508415.000000
-5.581150,508908.000000
-7.437667,509411.000000
-5.553072,509913.000000
-4.759949,510510.000000
-6.431468,511078.000000
-6.724679,511638.000000
-1.298227,511856.000000
-8.361114,512445.000000
-4.565568,513060.000000
-5.058445,513556.000000
-5.670278,514094.000000
-7.935373,514764.000000
-9.629518,515403.000000
-7.002091,515902.000000
-5.388731,516340.000000
-5.669414,516850.000000
-7.387739,517418.000000
-6.624705,518078.000000
-7.057783,518599.000000
-0.010626,518623.000000
-4.863864,519039.000000
-7.021973,519546.000000
-5.930265,520123.000000
-6.410089,520654.000000
-7.101607,521296.000000
-5.840385,521760.000000
-7.717554,522329.000000
-6.701699,522927.000000
-6.468309,523727.000000
-6.404477,524286.000000
-7.682931,524818.000000
-6.786011,525349.000000
-7.666118,525992.000000
-7.422342,526503.000000
-7.630942,527085.000000
-7.077099,527775.000000
-8.193833,528294.000000
-5.632221,528906.000000
-7.862183,529442.000000
-2.357574,529724.000000
-7.371366,530262.000000
-5.108892,530880.000000
-7.064952,531404.000000
-8.106652,532082.000000
-6.763104,532600.000000
-8.338049,533178.000000
-6.945704,533715.000000
-6.208135,534295.000000
-6.064244,534878.000000
-6.743460,535491.000000
-7.106152,536102.000000
-7.647329,536902.000000
-6.741379,537573.000000
-6.763582,538251.000000
-7.938872,538804.000000
-6.765459,539367.000000
-6.779251,540167.000000
-5.252332,540808.000000
-6.430038,541327.000000
-5.696848,541841.000000
-6.442680,542336.000000
-0.001881,542344.000000
-6.987453,542938.000000
-6.987939,543506.000000
-6.477951,543987.000000
-4.996666,544515.000000
-7.514838,545029.000000
-6.826767,545473.000000
-6.076714,546141.000000
-4.650271,546610.000000
-7.863260,547125.000000
-6.453423,547658.000000
-5.855964,548172.000000
-6.874455,548741.000000
-6.905541,549388.000000
