-9.846891,672.000000
-7.279640,1388.000000
-8.641665,2046.000000
-9.074940,2846.000000
-8.278769,3646.000000
-9.764854,4376.000000
-6.598357,5112.000000
-7.638685,5840.000000
-8.374946,6640.000000
-8.913709,7395.000000
-2.278027,7687.000000
-6.270367,8477.000000
-9.370992,9276.000000
-9.470796,10076.000000
-9.108899,10838.000000
-5.898870,11475.000000
-6.757218,12235.000000
-8.434987,12996.000000
-7.403660,13796.000000
-8.237639,14537.000000
-9.676710,15229.000000
-8.881546,15897.000000
-10.124036,16566.000000
-7.399214,17288.000000
-9.955234,17913.000000
-9.649378,18561.000000
-10.933584,19238.000000
-9.001591,19964.000000
-9.929210,20673.000000
-9.038649,21296.000000
-8.611707,22002.000000
-8.037598,22625.000000
-8.275376,23285.000000
-7.759572,23881.000000
-8.496531,24540.000000
-9.230089,25236.000000
-5.201216,25965.000000
-9.035166,26651.000000
-7.905693,27360.000000
-9.799230,28103.000000
-9.117061,28877.000000
-7.995370,29538.000000
-5.565879,30223.000000
-5.702480,30873.000000
-8.090633,31552.000000
-6.884285,32285.000000
-7.446751,32912.000000
-6.882214,33598.000000
-9.196924,34246.000000
-7.870926,34848.000000
-4.613741,35545.000000
-7.696736,36167.000000
-8.472056,36826.000000
-9.576406,37501.000000
-7.270673,38269.000000
-7.971172,38895.000000
-7.774219,39576.000000
-6.929779,40172.000000
-7.494316,40849.000000
-5.550182,41504.000000
-7.261688,42283.000000
-8.201866,42924.000000
-8.218790,43552.000000
-9.387821,44185.000000
-6.778438,44830.000000
-9.957314,45499.000000
-7.918664,46147.000000
-7.223229,46751.000000
-8.152509,47332.000000
-7.146471,47902.000000
-9.843755,48500.000000
-7.626490,49194.000000
-7.039810,49836.000000
-6.082469,50377.000000
-7.543808,51104.000000
-8.025739,51690.000000
-7.828372,52270.000000
-6.793587,52903.000000
-7.923643,53549.000000
-8.564868,54231.000000
-7.511381,54804.000000
-7.785242,55390.000000
-6.534064,55962.000000
-6.270330,56594.000000
-8.977994,57231.000000
-7.299645,57849.000000
-6.781210,58518.000000
-10.213661,59318.000000
-9.855137,59948.000000
-0.935088,60125.000000
-8.143542,60765.000000
-6.851799,61424.000000
-8.361238,62132.000000
-9.610228,62932.000000
-9.984666,63642.000000
-8.853853,64383.000000
-8.845712,65059.000000
-8.172093,65701.000000
-9.413182,66458.000000
-6.643393,67128.000000
-9.799160,67822.000000
-10.209803,68536.000000
-9.265835,69126.000000
-8.404622,69812.000000
-5.259966,70280.000000
-8.050834,70958.000000
-9.347621,71617.000000
-7.088558,72417.000000
-9.099399,73073.000000
-7.572943,73815.000000
-8.234415,74468.000000
-9.242564,75098.000000
-7.321893,75726.000000
-7.722241,76314.000000
-9.593191,76968.000000
-8.235788,77612.000000
-6.484373,78296.000000
-7.047248,78843.000000
-7.024426,79467.000000
-5.195299,79978.000000
-6.158737,80508.000000
-6.777609,81139.000000
-7.156603,81699.000000
-6.831954,82281.000000
-6.152057,82801.000000
-7.574609,83346.000000
-6.765946,83940.000000
-6.841500,84496.000000
-7.742862,85083.000000
-7.370248,85633.000000
-7.987197,86238.000000
-7.883528,86854.000000
-5.285884,87367.000000
-8.684571,87968.000000
-7.767620,88529.000000
-7.331410,89138.000000
-6.848402,89671.000000
-6.949637,90270.000000
-5.542289,90831.000000
-5.823816,91368.000000
-6.615571,91891.000000
-5.664018,92473.000000
-7.450152,93010.000000
-8.353054,93640.000000
-7.229866,94326.000000
-7.280609,94949.000000
-6.902951,95502.000000
-8.428163,96159.000000
-7.145308,96727.000000
-4.526509,97239.000000
-5.567528,97767.000000
-6.655856,98305.000000
-6.700066,98779.000000
-8.420790,99509.000000
-6.265103,100092.000000
-8.411073,100646.000000
-6.235353,101194.000000
-6.924095,101816.000000
-6.516477,102507.000000
-7.204906,103072.000000
-7.854350,103658.000000
-6.469799,104203.000000
-6.326965,104779.000000
-5.827596,105284.000000
-6.861981,105815.000000
-7.351266,106362.000000
-7.082935,106951.000000
-7.673497,107511.000000
-6.324384,108023.000000
-8.226257,108719.000000
-7.255849,109319.000000
-6.571309,109801.000000
-7.644355,110341.000000
-6.266443,110925.000000
-5.494696,111400.000000
-7.446201,111993.000000
-7.594153,112557.000000
-8.497013,113091.000000
-6.705230,113582.000000
-7.133777,114155.000000
-7.796825,114754.000000
-6.428376,115264.000000
-7.212556,115798.000000
-4.383758,116287.000000
-7.474368,116908.000000
-7.074622,117445.000000
-7.251999,118044.000000
-5.678935,118638.000000
-6.209937,119204.000000
-6.875061,119724.000000
-4.407668,120266.000000
-7.321660,120849.000000
-6.028524,121509.000000
-6.642535,122058.000000
-7.113711,122630.000000
-6.659129,123193.000000
-6.914051,123972.000000
-5.785245,124511.000000
-6.609791,125114.000000
-7.557973,125755.000000
-6.572828,126306.000000
-7.971040,126855.000000
-6.626987,127405.000000
-7.839144,127964.000000
-5.704671,128501.000000
-6.014386,129095.000000
-7.676880,129765.000000
-6.859760,130361.000000
-7.118623,130879.000000
-6.910471,131542.000000
-7.487738,132171.000000
-6.907458,132782.000000
-5.680035,133293.000000
-0.002198,133302.000000
-6.209352,133858.000000
-5.975488,134353.000000
-6.929576,134967.000000
-7.047326,135491.000000
-7.865517,136186.000000
-6.369072,136695.000000
-7.976654,137234.000000
-7.670051,137735.000000
-5.719881,138324.000000
-8.251523,138934.000000
-7.414740,139491.000000
-5.298345,139970.000000
-0.621235,140110.000000
-7.299895,140697.000000
-6.092228,141243.000000
-4.889434,141759.000000
-5.069757,142411.000000
-6.459249,143078.000000
-6.243118,143629.000000
-6.603690,144304.000000
-7.062482,144912.000000
-7.452203,145419.000000
-8.093059,145925.000000
-6.789784,146553.000000
-5.801042,147045.000000
-7.618980,147678.000000
-7.459063,148190.000000
-2.602903,148499.000000
-7.060530,149274.000000
-7.088312,149822.000000
-6.045134,150350.000000
-7.188268,150978.000000
-6.889417,151491.000000
-6.467435,151978.000000
-6.496509,152513.000000
-6.680927,153030.000000
-7.874050,153668.000000
-6.988658,154319.000000
-5.966778,154819.000000
-6.845826,155343.000000
-7.450215,155875.000000
-7.707232,156388.000000
-5.717741,157092.000000
-6.920262,157722.000000
-7.110945,158235.000000
-6.301106,158769.000000
-5.936251,159299.000000
-6.919787,159832.000000
-8.456878,160413.000000
-7.204426,160962.000000
-6.661040,161582.000000
-0.009443,161602.000000
-6.362460,162113.000000
-5.475489,162680.000000
-6.440183,163221.000000
-6.780988,163776.000000
-7.842867,164305.000000
-6.160423,164997.000000
-7.674626,165581.000000
-7.033400,166229.000000
-6.028911,166777.000000
-6.974763,167320.000000
-5.937616,167882.000000
-7.926582,168433.000000
-6.149163,168982.000000
-6.733538,169711.000000
-8.292128,170262.000000
-0.003012,170274.000000
-8.239626,170984.000000
-5.251393,171500.000000
-7.344009,172037.000000
-7.001705,172605.000000
-6.131011,173174.000000
-5.834859,173814.000000
-7.351359,174493.000000
-5.104085,174940.000000
-6.381942,175437.000000
-6.106686,175956.000000
-6.632106,176527.000000
-7.928834,177093.000000
-5.557331,177701.000000
-6.715078,178222.000000
-8.152349,178843.000000
-7.632581,179485.000000
-6.071506,179965.000000
-6.344029,180531.000000
-4.580552,181080.000000
-7.684053,181698.000000
-8.341722,182340.000000
-4.335966,182795.000000
-5.993885,183595.000000
-5.347078,184157.000000
-6.520738,184777.000000
-8.033196,185402.000000
-7.686533,185988.000000
-4.714250,186589.000000
-8.382698,187201.000000
-8.708187,187795.000000
-7.253760,188535.000000
-5.071131,189111.000000
-7.901332,189696.000000
-7.516847,190265.000000
-6.972760,190837.000000
-7.944432,191371.000000
-8.734764,191943.000000
-8.383752,192553.000000
-8.401496,193200.000000
-6.664571,193877.000000
-8.983047,194484.000000
-7.411910,195058.000000
-8.446274,195779.000000
-5.602119,196321.000000
-7.333955,197053.000000
-6.245994,197624.000000
-7.225276,198244.000000
-7.737588,198924.000000
-6.927559,199502.000000
-6.798314,200018.000000
-5.787131,200515.000000
-7.111925,201139.000000
-8.146997,201767.000000
-6.410892,202268.000000
-8.793087,202911.000000
-5.752621,203458.000000
-7.648823,204017.000000
-7.345745,204636.000000
-8.842410,205275.000000
-7.259568,205817.000000
-8.224695,206452.000000
-6.602691,206979.000000
-7.341101,207638.000000
-8.166126,208277.000000
-8.234890,208889.000000
-7.079908,209464.000000
-6.223207,210095.000000
-6.584763,210623.000000
-6.757571,211180.000000
-6.659743,211726.000000
-9.125981,212311.000000
-8.461438,212854.000000
-7.605978,213482.000000
-8.888519,214083.000000
-7.398625,214658.000000
-6.026266,215243.000000
-8.194949,215810.000000
-8.103269,216441.000000
-0.291323,216534.000000
-8.455567,217103.000000
-7.363884,217705.000000
-9.577431,218295.000000
-8.008950,218869.000000
-6.173700,219362.000000
-6.556641,219894.000000
-6.680554,220448.000000
-7.376824,221010.000000
-7.367765,221568.000000
-8.174677,222163.000000
-7.419158,222694.000000
-9.188728,223323.000000
-6.181237,223982.000000
-6.877558,224521.000000
-8.174110,225038.000000
-5.790859,225568.000000
-4.583809,226049.000000
-7.405982,226570.000000
-7.749414,227131.000000
-6.924183,227734.000000
-6.795727,228264.000000
-7.519848,228788.000000
-5.346820,229294.000000
-6.478525,229994.000000
-6.780190,230564.000000
-7.513936,231233.000000
-6.909949,231808.000000
-7.424361,232381.000000
-6.204535,233175.000000
-4.181121,233816.000000
-6.721016,234318.000000
-7.413537,234922.000000
-7.372913,235497.000000
-6.781282,236043.000000
-8.015167,236689.000000
-8.529457,237341.000000
-7.643144,237903.000000
-7.796745,238477.000000
-7.745081,239123.000000
-7.062847,239631.000000
-5.691797,240097.000000
-5.880008,240571.000000
-6.621835,241100.000000
-5.976361,241627.000000
-7.526951,242189.000000
-7.248959,242989.000000
-7.337979,243457.000000
-5.583468,244047.000000
-7.231653,244567.000000
-7.805495,245127.000000
-6.654063,245682.000000
-8.268362,246251.000000
-5.823042,246743.000000
-6.458342,247236.000000
-7.105081,247760.000000
-7.602365,248336.000000
-5.499622,248846.000000
-7.314213,249357.000000
-5.350305,249952.000000
-7.741347,250506.000000
-7.333553,251101.000000
-6.811575,251651.000000
-8.041941,252232.000000
-6.525639,252755.000000
-6.174218,253306.000000
-6.896651,253784.000000
-8.132348,254428.000000
-8.015459,254966.000000
-8.008095,255566.000000
-6.895334,256258.000000
-9.329924,256816.000000
-7.891967,257377.000000
-6.147152,257928.000000
-7.535542,258547.000000
-6.890504,259053.000000
-7.949599,259746.000000
-7.216184,260311.000000
-5.569587,260847.000000
-6.066358,261406.000000
-7.343020,261987.000000
-9.614041,262583.000000
-7.196451,263170.000000
-6.688598,263693.000000
-7.100092,264242.000000
-7.212945,264749.000000
-7.425853,265268.000000
-7.791812,265879.000000
-7.185492,266418.000000
-7.838901,266936.000000
-6.333132,267507.000000
-5.842118,267970.000000
-6.913431,268589.000000
-6.697698,269141.000000
-6.139401,269679.000000
-5.619289,270224.000000
-7.490205,270754.000000
-7.520450,271305.000000
-6.090250,271849.000000
-6.034584,272422.000000
-6.066319,272943.000000
-6.539019,273505.000000
-6.597801,274128.000000
-5.538364,274616.000000
-7.727897,275110.000000
-6.682771,275691.000000
-6.639807,276302.000000
-7.287333,276869.000000
-6.120028,277320.000000
-7.984059,277917.000000
-7.309174,278524.000000
-7.903283,279076.000000
-6.252623,279662.000000
-6.369690,280278.000000
-8.295563,280925.000000
-7.436941,281462.000000
-6.570125,282046.000000
-4.384552,282596.000000
-6.831103,283146.000000
-9.032621,283767.000000
-6.517914,284387.000000
-6.698786,284895.000000
-6.999684,285443.000000
-7.841948,286013.000000
-8.604399,286662.000000
-4.548954,287393.000000
-5.765252,287923.000000
-6.032509,288470.000000
-7.297592,289139.000000
-7.564228,289769.000000
-7.591895,290419.000000
-6.830148,290975.000000
-6.139540,291524.000000
-4.819352,292010.000000
-6.744015,292614.000000
-6.333124,293198.000000
-6.049281,293866.000000
-6.976670,294428.000000
-6.943353,294925.000000
-6.444785,295474.000000
-7.311146,295989.000000
-6.378139,296612.000000
-6.712599,297129.000000
-7.234000,297666.000000
-6.827508,298214.000000
-7.067416,298733.000000
-7.337744,299351.000000
-6.764559,299909.000000
-7.872241,300448.000000
-6.957062,301044.000000
-5.924925,301709.000000
-6.086497,302222.000000
-4.736595,302724.000000
-6.739426,303221.000000
-7.029375,303933.000000
-7.018230,304452.000000
-7.297588,305022.000000
-8.787509,305612.000000
-6.697932,306127.000000
-9.057461,306818.000000
-8.181376,307400.000000
-6.744362,307957.000000
-6.058256,308459.000000
-5.806632,309020.000000
-6.775588,309569.000000
-2.039488,309801.000000
-6.799001,310335.000000
-5.986931,310863.000000
-8.166447,311475.000000
-5.678197,311960.000000
-6.705804,312492.000000
-5.760780,313010.000000
-8.455198,313665.000000
-7.242021,314213.000000
-6.312183,314759.000000
-7.912865,315497.000000
-6.601614,316032.000000
-6.601601,316524.000000
-8.088843,317073.000000
-6.423115,317679.000000
-5.125889,318232.000000
-5.849760,318837.000000
-6.004571,319414.000000
-5.771367,319990.000000
-7.120162,320577.000000
-5.035995,321076.000000
-5.435513,321564.000000
-6.265724,322139.000000
-5.864488,322754.000000
-6.419074,323307.000000
-6.732576,323880.000000
-6.589386,324515.000000
-7.300765,325114.000000
-5.651384,325617.000000
-6.204533,326124.000000
-8.526603,326735.000000
-6.927597,327267.000000
-5.543803,327762.000000
-6.419280,328270.000000
-6.661586,328828.000000
-7.442451,329477.000000
-6.320154,330095.000000
-6.249524,330568.000000
-7.620948,331085.000000
-6.967170,331672.000000
-7.463731,332197.000000
-5.012972,332743.000000
-0.004324,332760.000000
-5.767152,333265.000000
-7.309371,333917.000000
-5.681327,334387.000000
-4.772880,334908.000000
-5.804584,335532.000000
-6.132417,336071.000000
-4.477860,336587.000000
-5.796914,337119.000000
-6.726604,337644.000000
-4.966467,338391.000000
-7.553430,338979.000000
-6.357157,339508.000000
-5.752901,340063.000000
-5.860568,340637.000000
-6.546471,341153.000000
-8.603043,341798.000000
-4.737782,342315.000000
-6.592272,342843.000000
-5.165255,343456.000000
-0.001901,343464.000000
-6.096287,344000.000000
-8.520689,344620.000000
-6.166863,345191.000000
-7.475820,345754.000000
-5.671806,346275.000000
-6.262699,346844.000000
-6.410866,347411.000000
-3.030653,348046.000000
-8.167746,348708.000000
-7.088526,349406.000000
-5.765240,350020.000000
-7.379937,350632.000000
-6.491061,351223.000000
-6.338240,351799.000000
-5.390692,352404.000000
-7.083195,352959.000000
-5.745996,353427.000000
-7.954195,354041.000000
-7.054061,354656.000000
-5.322232,355456.000000
-5.901791,356101.000000
-7.728178,356743.000000
-6.879787,357324.000000
-5.727941,357862.000000
-7.585969,358444.000000
-6.377254,359010.000000
-6.216938,359628.000000
-6.770526,360167.000000
-5.414172,360734.000000
-6.145796,361179.000000
-6.155983,361742.000000
-6.017262,362230.000000
-0.008092,362247.000000
-8.330841,362842.000000
-7.564416,363442.000000
-7.349417,364094.000000
-6.164006,364608.000000
-5.772806,365147.000000
-6.089232,365691.000000
-6.628602,366214.000000
-6.678063,366729.000000
-7.147106,367276.000000
-7.012294,367818.000000
-6.511874,368267.000000
-6.119297,368810.000000
-6.018740,369309.000000
-7.113547,369981.000000
-6.740476,370541.000000
-4.751426,371038.000000
-6.209794,371604.000000
-6.124590,372150.000000
-5.633980,372903.000000
-5.835790,373385.000000
-7.165528,373969.000000
-7.724484,374495.000000
-6.815426,375017.000000
-5.918411,375576.000000
-6.192247,376067.000000
-6.425986,376551.000000
-6.401881,377081.000000
-7.092951,377631.000000
-6.516098,378115.000000
-5.508020,378579.000000
-6.189156,379149.000000
-3.615306,379739.000000
-7.754928,380471.000000
-4.242585,381220.000000
-6.036264,381780.000000
-5.221412,382347.000000
-5.902507,382860.000000
-5.913932,383318.000000
-6.512825,383786.000000
-6.904201,384386.000000
-5.480027,384944.000000
-7.768803,385540.000000
-6.690982,386055.000000
-5.767066,386580.000000
-5.858667,387043.000000
-5.806753,387540.000000
-5.466290,388078.000000
-5.380583,388571.000000
-4.331789,389313.000000
-7.207733,389885.000000
-5.726200,390362.000000
-4.996303,390978.000000
-6.663580,391541.000000
-6.476857,392080.000000
-6.309329,392584.000000
-6.498433,393091.000000
-6.620328,393617.000000
-5.662114,394174.000000
-5.459604,394660.000000
-0.450909,394804.000000
-7.587915,395424.000000
-6.417204,395954.000000
-7.325929,396577.000000
-7.344242,397144.000000
-5.356710,397697.000000
-7.286071,398271.000000
-7.334612,398797.000000
-5.302649,399346.000000
-5.159196,399895.000000
-5.327139,400409.000000
-7.871534,400897.000000
-5.251712,401403.000000
-6.962179,401925.000000
-7.532649,402517.000000
-6.532496,403035.000000
-6.553597,403571.000000
-4.795271,404242.000000
-6.044970,404837.000000
-6.979900,405406.000000
-7.288427,406009.000000
-7.776278,406619.000000
-7.018223,407201.000000
-7.903235,407743.000000
-6.166829,408258.000000
-7.435834,408831.000000
-8.222780,409434.000000
-6.627829,410011.000000
-5.869193,410703.000000
-4.187858,411184.000000
-7.154328,411868.000000
-6.790796,412368.000000
-7.352062,413015.000000
-6.521217,413558.000000
-6.787592,414084.000000
-7.481128,414670.000000
-7.625773,415216.000000
-7.806432,415820.000000
-8.317088,416440.000000
-6.264561,417030.000000
-6.595218,417579.000000
-7.817115,418169.000000
-6.191386,418687.000000
-6.489646,419215.000000
-6.392431,419709.000000
-8.584433,420294.000000
-6.430327,420791.000000
-7.450824,421317.000000
-7.284693,421913.000000
-5.785545,422475.000000
-9.147941,423116.000000
-7.317569,423667.000000
-7.410039,424357.000000
-9.035215,425142.000000
-6.184637,425746.000000
-6.754767,426332.000000
-8.077650,426948.000000
-6.110008,427519.000000
-7.164424,428129.000000
-5.310911,428663.000000
-6.364986,429204.000000
-7.033905,429781.000000
-6.798556,430412.000000
-6.475155,430954.000000
-7.887942,431711.000000
-6.643215,432237.000000
-7.822119,432786.000000
-6.835358,433437.000000
-6.909882,434021.000000
-6.110187,434694.000000
-3.828134,435159.000000
-8.269838,435879.000000
-7.417173,436448.000000
-8.765662,437035.000000
-7.445205,437667.000000
-5.731608,438188.000000
-4.705057,438759.000000
-6.252554,439323.000000
-6.693047,440076.000000
-8.160367,440638.000000
-6.123975,441232.000000
-8.084997,441833.000000
-8.213502,442449.000000
-7.000331,443249.000000
-6.025858,443869.000000
-6.994131,444568.000000
-6.228131,445244.000000
-6.238767,445817.000000
-5.833655,446436.000000
-6.374090,447034.000000
-7.399595,447554.000000
-6.204316,448140.000000
-6.650967,448655.000000
-5.896947,449232.000000
-6.459029,449825.000000
-7.186746,450352.000000
-7.406001,451052.000000
-6.469593,451587.000000
-8.190004,452230.000000
-6.105175,452672.000000
-6.446235,453245.000000
-7.231080,454045.000000
-8.666016,454716.000000
-8.507388,455442.000000
-7.077754,456089.000000
-6.184013,456552.000000
-8.771826,457185.000000
-8.243051,457869.000000
-7.007868,458516.000000
-7.669723,459142.000000
-8.210994,459672.000000
-6.963854,460299.000000
-8.139972,460940.000000
-7.419945,461495.000000
-5.162551,462012.000000
-6.489265,462748.000000
-7.005088,463340.000000
-6.932159,463867.000000
-8.074249,464580.000000
-6.707442,465120.000000
-6.810172,465749.000000
-7.705438,466333.000000
-6.763416,466964.000000
-7.040286,467653.000000
-5.991208,468191.000000
-7.896320,468792.000000
-6.508499,469397.000000
-7.542677,470130.000000
-8.605952,470812.000000
-7.648944,471438.000000
-6.646271,472036.000000
-6.861953,472596.000000
-6.265107,473235.000000
-6.309628,473786.000000
-8.071181,474396.000000
-6.855616,474948.000000
-4.059862,475501.000000
-9.188800,476180.000000
-7.503271,476739.000000
-7.606331,477297.000000
-6.774946,477819.000000
-10.248328,478511.000000
-6.811785,479176.000000
-8.489914,479796.000000
-7.505886,480421.000000
-7.766626,480933.000000
-6.045948,481520.000000
-6.727314,482241.000000
-6.407841,482754.000000
-7.280219,483261.000000
-7.644171,483806.000000
-1.875942,484051.000000
-7.615099,484605.000000
-2.330582,484944.000000
-6.634365,485744.000000
-6.545154,486286.000000
-6.206837,486820.000000
-7.249327,487396.000000
-5.237558,488017.000000
-6.796665,488505.000000
-7.693168,489123.000000
-5.374106,489773.000000
-0.112147,489836.000000
-5.553760,490299.000000
-5.420878,490864.000000
-9.010523,491517.000000
-7.985340,492159.000000
-6.568938,492739.000000
-4.902487,493308.000000
-6.605329,493840.000000
-6.150531,494381.000000
-5.832339,494884.000000
-7.287978,495414.000000
-8.080831,496037.000000
-7.706201,496629.000000
-6.327010,497149.000000
-2.498051,497419.000000
-7.133367,498056.000000
-6.744963,498578.000000
-7.824816,499176.000000
-5.359711,499710.000000
-8.210069,500324.000000
-7.362434,500877.000000
-6.815185,501485.000000
-7.098560,502072.000000
-7.042503,502625.000000
-6.198952,503088.000000
-4.809124,503686.000000
-6.598941,504219.000000
-8.766391,504788.000000
-5.127071,505393.000000
-6.752367,505959.000000
-8.930624,506561.000000
-9.137133,507127.000000
-6.544217,507642.000000
-7.836890,508331.000000
-7.578938,508871.000000
-6.246420,509359.000000
-7.516013,509889.000000
-6.082649,510440.000000
-8.166372,510936.000000
-8.371767,511515.000000
-8.031945,512060.000000
-4.998646,512793.000000
-7.781242,513336.000000
-5.449372,513875.000000
-6.580344,514394.000000
-5.446715,514945.000000
-7.836802,515477.000000
-6.808911,515989.000000
-6.938268,516520.000000
-6.336788,517029.000000
-6.309426,517588.000000
-7.716142,518088.000000
-6.967110,518739.000000
-6.706626,519356.000000
-4.216950,519987.000000
-5.587708,520571.000000
-8.463794,521190.000000
-6.308923,521778.000000
-5.780573,522331.000000
-7.753132,522900.000000
-6.904090,523527.000000
-6.581173,524035.000000
-7.742677,524587.000000
-6.420622,525116.000000
-7.761602,525808.000000
-8.236884,526370.000000
-6.995416,526932.000000
-5.217423,527426.000000
-6.860573,527896.000000
-7.928078,528459.000000
-8.171303,529043.000000
-6.571376,529616.000000
-6.963125,530128.000000
-7.657256,530863.000000
-6.695171,531378.000000
-5.863910,531916.000000
-7.389645,532503.000000
-4.257786,532858.000000
-6.492433,533391.000000
-2.597639,533884.000000
-1.560903,534076.000000
-7.341671,534683.000000
-7.277555,535297.000000
-6.739154,535802.000000
-5.902301,536386.000000
-6.925371,536973.000000
-8.189009,537526.000000
-6.360020,538036.000000
-6.463900,538559.000000
-5.619415,539162.000000
-6.485734,539701.000000
-5.761190,540215.000000
-6.138168,540719.000000
-6.119639,541190.000000
-7.058803,541665.000000
-5.301072,542223.000000
-6.560961,542758.000000
-5.258872,543250.000000
-6.013391,543792.000000
-6.830527,544409.000000
-4.936369,545011.000000
-6.642824,545534.000000
-7.161819,546147.000000
-7.528358,546715.000000
-6.961511,547304.000000
-6.779674,547899.000000
-8.242123,548506.000000
-4.723304,548886.000000
-4.332288,549384.000000
-8.037512,549910.000000
-5.931553,550510.000000
-7.200709,551029.000000
-7.064469,551640.000000
-1.743436,551871.000000
-4.724646,552369.000000
-8.362701,552912.000000
-8.041213,553466.000000
-7.633695,554062.000000
-6.230391,554559.000000
-6.838240,555112.000000
-6.084182,555649.000000
-5.525690,556188.000000
-5.818041,556685.000000
-4.779348,557135.000000
-7.215735,557716.000000
-8.269515,558320.000000
-7.888799,558889.000000
-5.766066,559436.000000
-6.041135,559953.000000
-7.968256,560537.000000
-6.802694,561020.000000
-7.012441,561541.000000
-6.522037,562101.000000
-8.116775,562658.000000
-7.394538,563196.000000
-7.590162,563841.000000
-5.338683,564383.000000
-5.224859,564883.000000
-6.085053,565406.000000
-5.609991,565954.000000
-7.973858,566487.000000
-4.628904,567068.000000
-5.709950,567583.000000
-6.958694,568170.000000
-6.580433,568890.000000
-4.818356,569569.000000
-8.284359,570181.000000
-7.534378,570780.000000
-6.765169,571294.000000
-6.714282,571768.000000
-4.411099,572568.000000
-4.730840,573096.000000
-7.684563,573678.000000
-5.420927,574187.000000
-5.803997,574731.000000
-7.368292,575271.000000
-5.535681,575798.000000
-6.378683,576456.000000
